STARLINK-31             
1 44235U 19029A   20170.66667824  .04180749  00000-0  85916-1 0  9997
2 44235  53.0039 202.0543 0009230 271.2284 256.2041 15.41693656 60446
STARLINK-22             
1 44236U 19029B   20170.66667824  .02451566  00000-0  19977-1 0  9998
2 44236  53.0027 162.6357 0002369 355.7545   9.5994 15.66761197 60991
STARLINK-23             
1 44237U 19029C   20170.66667824 -.00022387  00000-0 -47791-3 0  9991
2 44237  52.9962 201.5082 0001111 112.8292 157.2334 15.43869406 59333
STARLINK-24             
1 44238U 19029D   20170.61251210  .00000844  00000-0  63952-4 0  9995
2 44238  52.9972 204.0472 0000741 100.2592 259.8483 15.13057761 59219
STARLINK-25             
1 44239U 19029E   20170.66667824 -.00017626  00000-0 -37396-3 0  9993
2 44239  53.0048 200.9850 0001231  77.3886 102.1052 15.43880636 59261
STARLINK-26             
1 44240U 19029F   20170.43062781  .00001518  00000-0  40320-4 0  9994
2 44240  53.0094 160.2924 0002476  49.5591 310.5630 15.45217994 59888
STARLINK-27             
1 44241U 19029G   20170.66667824 -.00022024  00000-0 -46981-3 0  9994
2 44241  53.0062 201.9175 0001078  77.8510 246.1529 15.43880512 59327
STARLINK-28             
1 44242U 19029H   20170.66667824 -.00029234  00000-0 -37304-3 0  9994
2 44242  52.9926 156.5488 0000081 355.4950 118.7060 15.58344513 59947
STARLINK-29             
1 44243U 19029J   20170.66667824  .00042408  00000-0  56198-3 0  9993
2 44243  52.9992 105.3199 0008525 208.9061 282.9302 15.57836824 60662
STARLINK-30             
1 44244U 19029K   20170.66667824 -.00021560  00000-0 -45981-3 0  9990
2 44244  52.9960 201.4091 0001236 105.7446 104.3057 15.43872344 59293
STARLINK-21             
1 44245U 19029L   20170.66667824  .05317580  00000-0  11672+0 0  9990
2 44245  52.9966 202.0369 0005529 145.0719 289.9316 15.39366678 59307
STARLINK-33             
1 44247U 19029N   20170.66667824  .04545538  00000-0  30800-1 0  9993
2 44247  53.0019 157.3390 0002219 219.9533 335.3000 15.70839095 59976
STARLINK-34             
1 44248U 19029P   20170.66667824 -.00036809  00000-0 -29987-3 0  9994
2 44248  52.9984 166.6808 0000994  75.7035 259.1428 15.69740798 59747
STARLINK-61             
1 44249U 19029Q   20170.44534524  .00001837  00000-0  10406-3 0  9998
2 44249  52.9999 192.9271 0006580  16.5220 343.5987 15.18212780 59440
STARLINK-36             
1 44250U 19029R   20170.66667824 -.00025446  00000-0 -54455-3 0  9990
2 44250  52.9960 201.5012 0000546 106.1564 133.9252 15.43876899 59286
STARLINK-37             
1 44251U 19029S   20170.66667824 -.00023413  00000-0 -49996-3 0  9997
2 44251  52.9775 200.5147 0001163 136.6974 109.4142 15.43888146 59259
STARLINK-71             
1 44252U 19029T   20170.60258255  .00000270  00000-0  32415-4 0  9999
2 44252  53.0004 204.4783 0000515 155.5333 204.5682 15.12335149 59202
STARLINK-39             
1 44253U 19029U   20170.66667824 -.00021812  00000-0 -46506-3 0  9994
2 44253  53.0052 201.8780 0001228  80.0233 232.0493 15.43888224 59305
STARLINK-32             
1 44254U 19029V   20170.66667824 -.00022173  00000-0 -47315-3 0  9995
2 44254  52.9956 201.4998 0001287 117.3194 146.7432 15.43874413 59274
STARLINK-66             
1 44255U 19029W   20170.66667824 -.00019538  00000-0 -21360-3 0  9999
2 44255  53.0013 158.0595 0000724  94.2728 316.3860 15.62086365 59881
STARLINK-42             
1 44256U 19029X   20170.66667824 -.00036429  00000-0 -33530-3 0  9990
2 44256  52.9921 158.3542 0004715 323.6486 265.8687 15.66754989 59835
STARLINK-43             
1 44257U 19029Y   20170.66667824 -.00023366  00000-0 -74039-3 0  9996
2 44257  52.9992 151.7716 0000385  49.5934  77.0172 15.31832142 60031
STARLINK-40             
1 44258U 19029Z   20170.66667824 -.00022401  00000-0 -47822-3 0  9996
2 44258  52.9962 201.5082 0001087 129.5929 128.4401 15.43869429 59318
STARLINK-52             
1 44259U 19029AA  20170.65063133  .00001930  00000-0  25462-4 0  9998
2 44259  53.0011 106.9444 0000708  82.1677 277.9417 15.64265710 60527
STARLINK-45             
1 44260U 19029AB  20170.66667824 -.00023524  00000-0 -50251-3 0  9996
2 44260  53.0068 200.4373 0000950 110.0558 177.9614 15.43882250 59381
STARLINK-44             
1 44261U 19029AC  20170.66667824 -.00022270  00000-0 -47544-3 0  9995
2 44261  52.9959 201.4871 0000542  84.1644 167.8884 15.43865513 59321
STARLINK-49             
1 44262U 19029AD  20170.66667824 -.00021581  00000-0 -46038-3 0  9997
2 44262  53.0062 201.9251 0001222  91.5076 238.5100 15.43866516 59335
STARLINK-72             
1 44263U 19029AE  20170.66667824 -.00021469  00000-0 -45776-3 0  9991
2 44263  52.9967 201.3600 0001307 105.2382  98.8171 15.43877169 59327
STARLINK-35             
1 44264U 19029AF  20170.66667824 -.00021833  00000-0 -46579-3 0  9999
2 44264  52.9960 201.4449 0001303 112.4971 109.5783 15.43871413 59306
STARLINK-63             
1 44265U 19029AG  20170.66667824 -.00022703  00000-0 -48474-3 0  9993
2 44265  52.9953 200.8147 0001103 107.1531 120.8692 15.43873856 59340
STARLINK-54             
1 44266U 19029AH  20170.66667824 -.00021778  00000-0 -46448-3 0  9994
2 44266  52.9967 200.7763 0001136  75.0649 296.9531 15.43878449 59270
STARLINK-69             
1 44267U 19029AJ  20170.66667824 -.00022987  00000-0 -49073-3 0  9995
2 44267  52.9980 200.6619 0001121 123.1318 176.9289 15.43885959 59313
STARLINK-55             
1 44268U 19029AK  20170.66667824 -.00035676  00000-0 -45467-3 0  9998
2 44268  52.9929 157.3593 0000146  16.8130 145.7195 15.58482174 59893
STARLINK-57             
1 44269U 19029AL  20170.66667824 -.00022809  00000-0 -48706-3 0  9992
2 44269  52.9998 201.1994 0001041 108.9266 227.1041 15.43872958 59354
STARLINK-58             
1 44270U 19029AM  20170.66667824 -.00032890  00000-0 -39918-3 0  9990
2 44270  53.0009 167.7234 0000344 241.0589 161.0878 15.59720775 59818
STARLINK-59             
1 44271U 19029AN  20170.66667824 -.00022662  00000-0 -48376-3 0  9995
2 44271  52.9944 200.7368 0000809 107.1235  84.9047 15.43879370 59345
STARLINK-51             
1 44272U 19029AP  20170.66667824 -.00021724  00000-0 -46327-3 0  9998
2 44272  52.9942 201.3618 0000856  95.5077 120.5268 15.43881131 59312
STARLINK-60             
1 44273U 19029AQ  20170.29151763  .00024947  00000-0  31668-3 0  9998
2 44273  52.9958  98.1222 0007563  80.1371 280.0493 15.59269041 60728
STARLINK-62             
1 44274U 19029AR  20170.66667824 -.00040981  00000-0 -33459-3 0  9998
2 44274  53.0030 166.8044 0001296 131.6883 168.5634 15.69739421 59791
STARLINK-64             
1 44275U 19029AS  20170.66667824 -.00038801  00000-0 -10137-2 0  9994
2 44275  52.9906 178.6496 0005847 329.3446 358.9597 15.38094539 59615
STARLINK-65             
1 44276U 19029AT  20170.66667824 -.00016356  00000-0 -35501-3 0  9999
2 44276  52.9981 201.5845 0001078  53.9453 349.5113 15.43152199 59324
STARLINK-41             
1 44277U 19029AU  20170.66667824 -.00024630  00000-0 -19869-3 0  9993
2 44277  53.0044 158.8203 0001432  45.2579 298.2014 15.69746567 59917
STARLINK-68             
1 44279U 19029AW  20170.66667824  .04724927  00000-0  84352-1 0  9990
2 44279  52.9945 200.5212 0004281 148.0686 342.2096 15.45403876 59296
STARLINK-38             
1 44280U 19029AX  20170.66667824 -.00019606  00000-0 -41724-3 0  9999
2 44280  52.9978 201.2969 0001049  85.3460  88.6579 15.43870225 59339
STARLINK-70             
1 44281U 19029AY  20170.66667824 -.00023591  00000-0 -73348-3 0  9995
2 44281  52.9984 201.6429 0000677 120.9732 123.9252 15.32439551 59260
STARLINK-80             
1 44282U 19029AZ  20170.46997116  .00004416  00000-0  18598-3 0  9993
2 44282  53.0217 168.6259 0003237 235.6911 124.3780 15.25376076 59763
STARLINK-56             
1 44283U 19029BA  20170.66667824 -.00021278  00000-0 -45367-3 0  9997
2 44283  52.9974 201.3802 0001251  85.3823 100.6791 15.43871408 59338
STARLINK-73             
1 44284U 19029BB  20170.66667824 -.00021040  00000-0 -44862-3 0  9994
2 44284  52.9974 201.3538 0001136  97.6417  82.4564 15.43862951 59329
STARLINK-50             
1 44285U 19029BC  20170.56583790  .00214580  00000-0  48182-2 0  9992
2 44285  53.0020 203.2350 0000866 110.9252 249.1844 15.42065920 60350
STARLINK-75             
1 44286U 19029BD  20170.66667824 -.00028583  00000-0 -36804-3 0  9992
2 44286  53.0038 159.8186 0008197 254.6958  54.1978 15.58040367 60961
STARLINK-76             
1 44287U 19029BE  20170.50002315  .00035862  00000-0  78418-3 0  9997
2 44287  52.9966 202.3234 0001051 123.9763 305.3003 15.43839628 60355
STARLINK-79             
1 44288U 19029BF  20170.50002315  .00037053  00000-0  81008-3 0  9991
2 44288  53.0081 202.8002 0001018  98.0028  43.2819 15.43829252 60369
STARLINK-48             
1 44289U 19029BG  20170.44377370  .00001678  00000-0  91690-4 0  9994
2 44289  53.0030 178.9320 0000724 179.4829 180.6166 15.20001540 60678
STARLINK-78             
1 44290U 19029BH  20170.50002315  .00040680  00000-0  88758-3 0  9993
2 44290  53.0076 202.6900 0001240  78.2477  56.9981 15.43845755 60363
STARLINK-77             
1 44291U 19029BJ  20170.50002315  .00039440  00000-0  86084-3 0  9996
2 44291  53.0090 202.8764 0001174  87.3130  71.9676 15.43849707 60351
STARLINK-81             
1 44292U 19029BK  20170.50002315  .00038568  00000-0  84223-3 0  9990
2 44292  53.0089 202.9020 0001295  62.0539 109.2201 15.43844881 60350
STARLINK-74             
1 44293U 19029BL  20170.50002315  .00036970  00000-0  80766-3 0  9994
2 44293  53.0063 202.7427 0001138  96.0732  15.1939 15.43853023 60351
STARLINK-53             
1 44294U 19029BM  20170.50002315  .00041392  00000-0  90313-3 0  9998
2 44294  52.9958 201.4989 0001366  85.7280 229.5923 15.43837157 60363
STARLINK-1007           
1 44713U 19074A   20170.33335648 -.00024955  00000-0 -16986-2 0  9994
2 44713  52.9981 210.5948 0001167 103.3576 121.4935 15.05601739 33877
STARLINK-1008           
1 44714U 19074B   20170.33335648 -.00027004  00000-0 -18394-2 0  9998
2 44714  53.0005 210.5873 0001378  84.8639 229.9266 15.05616278 33876
STARLINK-1009           
1 44715U 19074C   20170.33335648 -.00029087  00000-0 -19843-2 0  9992
2 44715  52.9966 210.5957 0001255  89.9243 278.9177 15.05599664 33868
STARLINK-1010           
1 44716U 19074D   20170.33335648 -.00025580  00000-0 -20187-2 0  9990
2 44716  52.9853 210.3088 0001261 100.4524 144.8147 15.00062009 33877
STARLINK-1011           
1 44717U 19074E   20170.33335648 -.00029697  00000-0 -20262-2 0  9998
2 44717  52.9989 230.5959 0000916 119.4735 121.2755 15.05605713 33592
STARLINK-1012           
1 44718U 19074F   20170.33335648 -.00030542  00000-0 -20857-2 0  9990
2 44718  52.9977 210.5914 0001337 100.6749 340.2129 15.05585913 33861
STARLINK-1013           
1 44719U 19074G   20170.33335648 -.00026494  00000-0 -18042-2 0  9995
2 44719  52.9982 210.5926 0001188  95.2537 291.5990 15.05616629 33862
STARLINK-1014           
1 44720U 19074H   20170.33335648 -.00026956  00000-0 -18362-2 0  9995
2 44720  53.0011 210.5870 0007187  96.3995 200.3909 15.05589039 33875
STARLINK-1015           
1 44721U 19074J   20170.33335648 -.00028424  00000-0 -19387-2 0  9996
2 44721  52.9965 210.6034 0001291 104.0541 246.6977 15.05594435 33862
STARLINK-1016           
1 44722U 19074K   20170.33335648 -.00024929  00000-0 -16979-2 0  9997
2 44722  53.0010 210.5822 0001145  94.8377 237.9797 15.05578133 33872
STARLINK-1017           
1 44723U 19074L   20170.66667824 -.00011979  00000-0 -80407-3 0  9997
2 44723  52.9979 209.0954 0000628  92.5875 175.8650 15.05595013 33927
STARLINK-1019           
1 44724U 19074M   20170.33335648 -.00030458  00000-0 -20799-2 0  9998
2 44724  52.9974 210.5925 0001233  96.1834   2.6619 15.05585247 33869
STARLINK-1020           
1 44725U 19074N   20170.33335648 -.00032389  00000-0 -22122-2 0  9996
2 44725  52.9991 230.5899 0000904 119.3002 265.3693 15.05609885 33584
STARLINK-1021           
1 44726U 19074P   20170.33335648 -.00030091  00000-0 -20538-2 0  9994
2 44726  52.9980 210.5951 0001291 100.7924  16.0598 15.05598479 33869
STARLINK-1022           
1 44727U 19074Q   20170.33335648 -.00023341  00000-0 -15873-2 0  9991
2 44727  53.0062 250.5611 0001558  98.5370  88.4456 15.05596869 33323
STARLINK-1023           
1 44728U 19074R   20170.33335648 -.00025953  00000-0 -17680-2 0  9991
2 44728  52.9995 210.5911 0001119 101.1865 141.6526 15.05592095 33876
STARLINK-1024           
1 44729U 19074S   20170.33335648 -.00031771  00000-0 -21703-2 0  9998
2 44729  52.9991 230.5901 0001107 114.3115 180.3779 15.05593723 33593
STARLINK-1025           
1 44730U 19074T   20170.33335648 -.00023772  00000-0 -16183-2 0  9998
2 44730  52.9976 210.5908 0001152 100.4338 178.3880 15.05569845 33875
STARLINK-1026           
1 44731U 19074U   20170.33335648 -.00028680  00000-0 -19567-2 0  9991
2 44731  52.9991 210.5919 0001415  85.7906 319.0505 15.05588717 33869
STARLINK-1027           
1 44732U 19074V   20170.33335648 -.00034267  00000-0 -23431-2 0  9995
2 44732  52.9987 230.5912 0001395  98.7814 339.9579 15.05594390 33584
STARLINK-1028           
1 44733U 19074W   20170.33335648 -.00029503  00000-0 -20140-2 0  9997
2 44733  52.9983 210.5925 0001493 106.3735  28.4773 15.05581542 33862
STARLINK-1029           
1 44734U 19074X   20170.33335648  .00003373  00000-0  45620-4 0  9995
2 44734  52.9966 172.6554 0004290 353.3004 279.3341 15.60953724 34406
STARLINK-1030           
1 44735U 19074Y   20170.33335648 -.00033302  00000-0 -22756-2 0  9996
2 44735  52.9984 230.5911 0001033  98.2556 304.4069 15.05605657 33580
STARLINK-1031           
1 44736U 19074Z   20170.33335648 -.00032078  00000-0 -21906-2 0  9992
2 44736  52.9958 230.6072 0001248  88.6804 223.9734 15.05610540 33590
STARLINK-1032           
1 44737U 19074AA  20170.33335648 -.00030745  00000-0 -20986-2 0  9999
2 44737  52.9993 230.5919 0000955 116.1071 142.5799 15.05606580 33592
STARLINK-1033           
1 44738U 19074AB  20170.33335648 -.00031781  00000-0 -21704-2 0  9990
2 44738  52.9988 230.6001 0001412 111.3375 219.3703 15.05603905 33588
STARLINK-1052           
1 44739U 19074AC  20170.33335648 -.00031544  00000-0 -21549-2 0  9995
2 44739  52.9988 230.5903 0000886 120.2002 246.4511 15.05588837 33583
STARLINK-1035           
1 44740U 19074AD  20170.33335648 -.00031513  00000-0 -21512-2 0  9993
2 44740  52.9988 230.5931 0001074 111.1471 165.5917 15.05615214 33597
STARLINK-1036           
1 44741U 19074AE  20170.33335648 -.00029847  00000-0 -20372-2 0  9994
2 44741  52.9981 230.5912 0001294 110.5677 112.0471 15.05593357 33590
STARLINK-1037           
1 44742U 19074AF  20170.15198438  .00000619  00000-0  61007-4 0  9995
2 44742  52.9988 231.2082 0001610  77.2458 282.8710 15.05998695 33565
STARLINK-1038           
1 44743U 19074AG  20170.33335648 -.00024943  00000-0 -16983-2 0  9991
2 44743  52.9987 250.5917 0001282 118.4374 176.5049 15.05590015 33317
STARLINK-1039           
1 44744U 19074AH  20170.66667824  .00047716  00000-0  32721-2 0  9991
2 44744  53.0016 249.1117 0001399 118.3334 148.3044 15.05577892 33368
STARLINK-1040           
1 44745U 19074AJ  20170.41466988  .00072165  13273-4  18739-3 0  9993
2 44745  52.9789 143.4697 0001684  75.5451 284.5762 15.95238291 34800
STARLINK-1041           
1 44746U 19074AK  20170.66667824  .00036626  00000-0  25229-2 0  9996
2 44746  52.9986 249.0949 0000730 118.8619 201.8383 15.05535287 33368
STARLINK-1042           
1 44747U 19074AL  20170.66667824  .00037648  00000-0  25888-2 0  9993
2 44747  53.0079 249.0817 0001341 115.0349  61.6016 15.05586891 33379
STARLINK-1043           
1 44748U 19074AM  20170.66667824  .00141796  00000-0  95594-2 0  9995
2 44748  53.0033 249.0995 0001318 115.5350 277.1019 15.05570653 33363
STARLINK-1044           
1 44749U 19074AN  20170.66667824  .00026487  00000-0  18316-2 0  9992
2 44749  52.9994 229.0941 0000998 104.7222 107.6937 15.05551763 33646
STARLINK-1045           
1 44750U 19074AP  20170.66667824  .00098219  00000-0  66742-2 0  9992
2 44750  53.0006 249.1068 0001240 114.7346 133.9273 15.05539099 33368
STARLINK-1046           
1 44751U 19074AQ  20170.66667824  .00325961  00000-0  21301-1 0  9991
2 44751  52.9983 249.1016 0001009 101.0611 183.5092 15.05708854 33368
STARLINK-1047           
1 44752U 19074AR  20170.66667824  .00027577  00000-0  19045-2 0  9997
2 44752  52.9992 229.0956 0000841 102.9881  91.3619 15.05578494 33648
STARLINK-1048           
1 44753U 19074AS  20170.66667824 -.00008090  00000-0 -53628-3 0  9995
2 44753  52.9970 209.0992 0000926  98.1808 116.2632 15.05610180 33924
STARLINK-1049           
1 44754U 19074AT  20170.66667824 -.00007656  00000-0 -50655-3 0  9990
2 44754  52.9985 209.0973 0001036  90.4055 106.1278 15.05604249 33925
STARLINK-1050           
1 44755U 19074AU  20170.66667824  .00044525  00000-0  30588-2 0  9997
2 44755  53.0075 249.0627 0000978 107.1456 123.5450 15.05543392 33378
STARLINK-1051           
1 44756U 19074AV  20170.66667824 -.00006624  00000-0 -43581-3 0  9996
2 44756  52.9995 209.0946 0000743 108.3291  70.2017 15.05586283 33922
STARLINK-1034           
1 44757U 19074AW  20170.66667824  .00028345  00000-0  19568-2 0  9996
2 44757  52.9987 229.0970 0000807 107.8682  14.4693 15.05578763 33645
STARLINK-1053           
1 44758U 19074AX  20170.66667824  .00037539  00000-0  25838-2 0  9999
2 44758  53.0023 249.0798 0001216 100.9189   3.7243 15.05552492 33362
STARLINK-1054           
1 44759U 19074AY  20170.66667824  .00044535  00000-0  30565-2 0  9997
2 44759  53.0046 249.0733 0001215 109.5062  31.1609 15.05579370 33377
STARLINK-1055           
1 44760U 19074AZ  20170.66667824  .00147396  00000-0  99285-2 0  9992
2 44760  53.0075 249.0753 0001332 116.0706  96.5691 15.05569883 33375
STARLINK-1056           
1 44761U 19074BA  20170.66667824  .00083552  00000-0  56947-2 0  9994
2 44761  53.0067 249.0776 0001329 114.3050  44.3635 15.05522784 33379
STARLINK-1057           
1 44762U 19074BB  20170.66667824  .00026784  00000-0  18500-2 0  9992
2 44762  52.9986 229.0950 0000995 104.9561  35.2526 15.05588901 33630
STARLINK-1058           
1 44763U 19074BC  20170.66667824  .00039772  00000-0  27349-2 0  9995
2 44763  53.0003 249.0899 0001389 112.9303 297.6736 15.05559727 33369
STARLINK-1059           
1 44764U 19074BD  20170.66667824  .00030791  00000-0  21235-2 0  9996
2 44764  52.9989 229.0967 0000697 106.9249  51.3887 15.05575082 33643
STARLINK-1060           
1 44765U 19074BE  20170.66667824  .00027982  00000-0  19334-2 0  9992
2 44765  52.9989 229.0980 0001202  91.1607 337.2214 15.05553293 33634
STARLINK-1061           
1 44766U 19074BF  20170.66667824  .00125292  00000-0  84841-2 0  9991
2 44766  53.0045 249.0920 0001394 116.9453 329.7313 15.05503331 33367
STARLINK-1062           
1 44767U 19074BG  20170.66667824  .00073940  00000-0  50516-2 0  9996
2 44767  53.0041 249.0799 0001238 107.4131  15.2646 15.05500917 33377
STARLINK-1063           
1 44768U 19074BH  20170.66667824  .00167093  00000-0  11223-1 0  9991
2 44768  53.0018 249.0970 0001396 118.8390 237.8024 15.05563959 33367
STARLINK-1064           
1 44769U 19074BJ  20170.66667824  .00443023  00000-0  28904-1 0  9996
2 44769  53.0002 249.1096 0001504 123.8577 214.7987 15.05494735 33362
STARLINK-1065           
1 44770U 19074BK  20170.58040234  .00000703  00000-0  66766-4 0  9994
2 44770  53.0044 249.3192 0001101  62.5586 297.5514 15.05987174 33359
STARLINK-1067           
1 44771U 19074BL  20170.66667824  .00055737  00000-0  38160-2 0  9996
2 44771  53.0029 249.0949 0001324 111.4454 317.2007 15.05564441 33361
STARLINK-1068           
1 44772U 19074BM  20170.66667824  .00025415  00000-0  17581-2 0  9991
2 44772  52.9992 229.0961 0001034  94.9903   9.3559 15.05559625 33632
STARLINK-1073           
1 44914U 20001A   20170.33335648  .00007551  00000-0  53706-3 0  9992
2 44914  53.0000  10.5935 0001302 106.5778  49.6765 15.05563234 24798
STARLINK-1084           
1 44915U 20001B   20170.50002315  .00131373  00000-0  88724-2 0  9991
2 44915  52.9996   9.8441 0001328 100.4227  77.5783 15.05565775 24820
STARLINK-1097           
1 44916U 20001C   20170.33335648  .00006641  00000-0  47431-3 0  9991
2 44916  52.9995  10.5933 0001381 112.3009 187.8781 15.05595313 24794
STARLINK-1098           
1 44917U 20001D   20170.66667824 -.00027198  00000-0 -18536-2 0  9997
2 44917  53.0001   9.0945 0001239 107.9845 235.7553 15.05601266 24842
STARLINK-1099           
1 44918U 20001E   20170.66667824 -.00024956  00000-0 -16979-2 0  9996
2 44918  53.0007   9.0937 0001382 114.9054 174.9731 15.05617464 25580
STARLINK-1101           
1 44919U 20001F   20170.66667824 -.00023042  00000-0 -15660-2 0  9998
2 44919  52.9997   9.0960 0001556 118.5648  99.2078 15.05611605 24847
STARLINK-1102           
1 44920U 20001G   20170.66667824 -.00025101  00000-0 -17083-2 0  9999
2 44920  53.0002   9.0958 0001696  98.4672 101.4072 15.05609198 24847
STARLINK-1103           
1 44921U 20001H   20170.33335648  .00006560  00000-0  46905-3 0  9992
2 44921  53.0002  10.5913 0001370 115.2441 112.8935 15.05571780 24790
STARLINK-1104           
1 44922U 20001J   20170.33335648  .00006519  00000-0  46616-3 0  9996
2 44922  52.9987  10.5898 0001525 104.0798 160.1184 15.05581272 24795
STARLINK-1106           
1 44923U 20001K   20170.33335648  .00011501  00000-0  80709-3 0  9995
2 44923  53.0008  10.5935 0001530 105.1336  15.0814 15.05584796 24792
STARLINK-1111           
1 44924U 20001L   20170.33335648  .00007036  00000-0  50173-3 0  9996
2 44924  53.0001  10.5931 0001503 105.6049  68.5438 15.05568316 24793
STARLINK-1112           
1 44925U 20001M   20170.33335648  .00007822  00000-0  55517-3 0  9997
2 44925  52.9994  10.5900 0001446  96.6333   5.5465 15.05596747 24790
STARLINK-1113           
1 44926U 20001N   20170.33335648  .00008288  00000-0  58737-3 0  9992
2 44926  53.0009  10.5832 0001426 105.1368 321.0606 15.05578495 25532
STARLINK-1114           
1 44927U 20001P   20170.33335648  .00005947  00000-0  42710-3 0  9996
2 44927  52.9991  10.5904 0001434 107.0449 283.1441 15.05569677 24807
STARLINK-1119           
1 44928U 20001Q   20170.33335648  .00010223  00000-0  71989-3 0  9990
2 44928  52.9998  10.5912 0001342 110.8905 297.2781 15.05572873 24806
STARLINK-1121           
1 44929U 20001R   20170.33335648  .00007913  00000-0  56152-3 0  9998
2 44929  52.9991  10.5919 0001582  97.1942  40.9948 15.05587246 24797
STARLINK-1123           
1 44930U 20001S   20170.33335648  .00006425  00000-0  45982-3 0  9996
2 44930  53.0013  10.5911 0001273 101.3505 216.8100 15.05571010 24794
STARLINK-1128           
1 44931U 20001T   20170.66667824 -.00030580  00000-0 -20875-2 0  9991
2 44931  53.0005   9.0882 0001545 106.2617 345.5271 15.05599646 25588
STARLINK-1130 (DARKSAT) 
1 44932U 20001U   20170.66667824 -.00029106  00000-0 -19850-2 0  9995
2 44932  53.0010   9.0952 0001907 104.8074 274.9894 15.05609578 26084
STARLINK-1144           
1 44933U 20001V   20170.66667824 -.00024363  00000-0 -16576-2 0  9998
2 44933  53.0001   9.0994 0001495 101.9598 151.8725 15.05603607 26131
STARLINK-1071           
1 44934U 20001W   20170.66667824 -.00023256  00000-0 -15818-2 0  9997
2 44934  52.9998 349.0970 0001458  99.1080  48.8757 15.05588003 25129
STARLINK-1072           
1 44935U 20001X   20170.66667824 -.00032031  00000-0 -21878-2 0  9992
2 44935  53.0003 349.0962 0001304 107.7859 202.2063 15.05602532 25120
STARLINK-1078           
1 44936U 20001Y   20170.66667824 -.00030779  00000-0 -21009-2 0  9996
2 44936  52.9985 349.0943 0001401 100.7591  83.2569 15.05607095 25128
STARLINK-1079           
1 44937U 20001Z   20170.66667824 -.00033475  00000-0 -22886-2 0  9997
2 44937  52.9988 349.0913 0001453 104.1849 169.8452 15.05588490 25129
STARLINK-1082           
1 44938U 20001AA  20170.66667824 -.00031138  00000-0 -21262-2 0  9999
2 44938  52.9991 349.0984 0001193 101.9765 315.9768 15.05599313 25125
STARLINK-1083           
1 44939U 20001AB  20170.66667824 -.00034394  00000-0 -23509-2 0  9993
2 44939  52.9936 349.1228 0001478 107.9135 274.0673 15.05609288 25123
STARLINK-1091           
1 44940U 20001AC  20170.66667824 -.00032929  00000-0 -22500-2 0  9997
2 44940  52.9891 349.1482 0001231 105.5895 222.4002 15.05601160 25114
STARLINK-1094           
1 44941U 20001AD  20170.66667824 -.00029766  00000-0 -20317-2 0  9997
2 44941  53.0004 349.0936 0001466 105.7152 114.2786 15.05590661 25125
STARLINK-1096           
1 44942U 20001AE  20170.66667824 -.00031209  00000-0 -21310-2 0  9997
2 44942  52.9993 349.0943 0001507 108.5527 183.3627 15.05600310 25126
STARLINK-1100           
1 44943U 20001AF  20170.66667824 -.00033451  00000-0 -22852-2 0  9991
2 44943  52.9960 349.1108 0001466  92.2741 307.6432 15.05616733 25127
STARLINK-1108           
1 44944U 20001AG  20170.33335648  .00029904  00000-0  20644-2 0  9995
2 44944  52.9994 350.5924 0001288 105.2275  53.0699 15.05552013 25077
STARLINK-1109           
1 44945U 20001AH  20170.33335648  .00036084  00000-0  24854-2 0  9990
2 44945  52.9911 350.6367 0001424 116.5251 221.8148 15.05543949 25061
STARLINK-1110           
1 44946U 20001AJ  20170.33335648  .00030037  00000-0  20665-2 0  9999
2 44946  53.0033 350.5818 0002387 105.5728  26.4498 15.05677075 25071
STARLINK-1116           
1 44947U 20001AK  20170.33335648  .00033282  00000-0  22938-2 0  9990
2 44947  52.9998 350.5904 0001407 105.6135 142.6733 15.05560233 25071
STARLINK-1122           
1 44949U 20001AM  20170.33335648  .00031917  00000-0  22009-2 0  9994
2 44949  53.0007 350.5904 0001495 111.5670 334.7462 15.05560938 25078
STARLINK-1125           
1 44950U 20001AN  20170.33335648  .00035963  00000-0  24762-2 0  9999
2 44950  52.9927 350.6236 0001269 107.8688 248.4797 15.05559241 25060
STARLINK-1126           
1 44951U 20001AP  20170.66667824 -.00034789  00000-0 -23767-2 0  9991
2 44951  53.0029 349.0992 0002022 110.6248 327.6741 15.05633046 26414
STARLINK-1117           
1 44952U 20001AQ  20170.33335648  .00030661  00000-0  21163-2 0  9993
2 44952  52.9989 350.5923 0001354 105.1197  89.2040 15.05546044 25073
STARLINK-1124           
1 44953U 20001AR  20170.33335648  .00030844  00000-0  21280-2 0  9997
2 44953  52.9994 350.5924 0001267 108.7228 355.5826 15.05559507 26360
STARLINK-1066           
1 44954U 20001AS  20170.66667824 -.00027284  00000-0 -18600-2 0  9996
2 44954  53.0013 329.0930 0001719 119.7052 210.3642 15.05590956 25346
STARLINK-1069           
1 44955U 20001AT  20170.66667824 -.00025908  00000-0 -17643-2 0  9994
2 44955  53.0002 329.0895 0001453 104.3894 171.7460 15.05603175 25340
STARLINK-1070           
1 44956U 20001AU  20170.66667824 -.00026516  00000-0 -18069-2 0  9994
2 44956  52.9984 329.0945 0001348 100.6677 193.4064 15.05591700 25403
STARLINK-1074           
1 44957U 20001AV  20170.66667824 -.00027638  00000-0 -18853-2 0  9992
2 44957  52.9977 329.0956 0001545 110.9090  39.2688 15.05575247 25407
STARLINK-1075           
1 44958U 20001AW  20170.66667824 -.00026119  00000-0 -17785-2 0  9999
2 44958  52.9989 329.0989 0001563 101.5839  84.5510 15.05611826 25405
STARLINK-1076           
1 44959U 20001AX  20170.66667824 -.00024285  00000-0 -16528-2 0  9996
2 44959  52.9924 329.1256 0001306 101.9781 336.1273 15.05590624 25402
STARLINK-1077           
1 44960U 20001AY  20170.66667824 -.00025544  00000-0 -17398-2 0  9993
2 44960  52.9968 329.0961 0001448  99.4456 104.6204 15.05589790 25405
STARLINK-1080           
1 44961U 20001AZ  20170.66667824 -.00029508  00000-0 -20139-2 0  9995
2 44961  53.0041 329.0729 0001507 101.1872 300.9474 15.05589544 25419
STARLINK-1081           
1 44962U 20001BA  20170.66667824 -.00026749  00000-0 -18227-2 0  9995
2 44962  52.9991 329.0939 0001445 109.8632 202.1661 15.05598137 25403
STARLINK-1085           
1 44963U 20001BB  20170.66667824 -.00018854  00000-0 -12782-2 0  9994
2 44963  52.9988 329.0904 0001256  98.3506 159.7022 15.05582124 26143
STARLINK-1086           
1 44964U 20001BC  20170.66667824 -.00025261  00000-0 -17199-2 0  9992
2 44964  52.9986 329.0984 0001505 113.2928 126.7535 15.05596607 25404
STARLINK-1088           
1 44966U 20001BE  20170.66667824 -.00023839  00000-0 -16224-2 0  9991
2 44966  52.9973 329.0962 0001321 106.8110   7.2878 15.05581327 25401
STARLINK-1089           
1 44967U 20001BF  20170.66667824 -.00028922  00000-0 -19731-2 0  9996
2 44967  53.0000 329.0887 0001414 127.6506 238.4731 15.05595302 25419
STARLINK-1090           
1 44968U 20001BG  20170.66667824 -.00029538  00000-0 -20153-2 0  9991
2 44968  53.0021 329.0904 0001981  74.0059 310.0660 15.05601807 25416
STARLINK-1092           
1 44969U 20001BH  20170.66667824 -.00026937  00000-0 -18361-2 0  9990
2 44969  52.9890 329.1484 0001436  91.2857 328.8042 15.05589611 25403
STARLINK-1093           
1 44970U 20001BJ  20170.66667824 -.00022250  00000-0 -15125-2 0  9991
2 44970  52.9979 329.0966 0001546 107.9154  60.1654 15.05583706 25408
STARLINK-1095           
1 44971U 20001BK  20170.66667824 -.00025216  00000-0 -17171-2 0  9990
2 44971  52.9989 329.0989 0001373 119.5112 102.5634 15.05591295 25407
STARLINK-1107           
1 44972U 20001BL  20170.33335648  .00046001  00000-0  31579-2 0  9992
2 44972  53.0012 330.5836 0001201 103.6993 236.7545 15.05555105 25351
STARLINK-1115           
1 44973U 20001BM  20170.33335648  .00039612  00000-0  27242-2 0  9995
2 44973  52.9956 330.6095 0001575 103.2357 345.2535 15.05557665 25357
STARLINK-1132           
1 45044U 20006A   20169.91668981 -.00015412  00000-0 -10405-2 0  9998
2 45044  52.9986 292.4586 0001170 101.4948 107.5344 15.05593026  1753
STARLINK-1120           
1 45045U 20006B   20169.91668981  .00014642  00000-0  10225-2 0  9991
2 45045  52.9993 312.4641 0001271 100.2882 106.6827 15.05561667  1755
STARLINK-1129           
1 45046U 20006C   20169.91668981  .00017705  00000-0  12308-2 0  9999
2 45046  52.9992 312.4705 0001249  92.6999  60.2639 15.05594241  1754
STARLINK-1131           
1 45047U 20006D   20169.91668981  .00014935  00000-0  10420-2 0  9995
2 45047  52.9993 312.4625 0001109 108.2178  80.6958 15.05580016  1750
STARLINK-1134           
1 45048U 20006E   20169.91668981  .00015637  00000-0  10906-2 0  9995
2 45048  52.9980 312.4594 0001387 102.9367  32.0213 15.05559425  1756
STARLINK-1135           
1 45049U 20006F   20169.91668981  .00016094  00000-0  11215-2 0  9998
2 45049  53.0001 312.4640 0001238 100.3583  16.5815 15.05569457  1753
STARLINK-1140           
1 45050U 20006G   20169.91668981  .00016833  00000-0  11710-2 0  9991
2 45050  52.9985 312.4640 0001257  95.1504 345.8570 15.05600844  1762
STARLINK-1141           
1 45051U 20006H   20169.91668981  .00016697  00000-0  11631-2 0  9992
2 45051  52.9990 312.4627 0001247  99.9826 358.9593 15.05558464  1762
STARLINK-1148           
1 45052U 20006J   20169.91668981  .00015145  00000-0  10567-2 0  9997
2 45052  52.9989 312.4677 0001380 109.5738 295.3568 15.05567930  1768
STARLINK-1155           
1 45053U 20006K   20169.91668981  .00015319  00000-0  10674-2 0  9990
2 45053  52.9994 312.4649 0001285  97.1574 199.7682 15.05609109  1756
STARLINK-1156           
1 45054U 20006L   20169.91668981  .00016402  00000-0  11419-2 0  9993
2 45054  52.9996 312.4640 0001421 108.2975 314.6538 15.05592384  1766
STARLINK-1157           
1 45055U 20006M   20169.91668981  .04236139  00000-0  24352-1 0  9998
2 45055  53.0000 296.4931 0001816 263.0331 290.6465 15.74402501 21911
STARLINK-1158           
1 45056U 20006N   20169.91668981  .00013610  00000-0  95115-3 0  9999
2 45056  52.9963 312.4730 0001314  86.7882 300.1547 15.05592244  1798
STARLINK-1159           
1 45057U 20006P   20169.91668981  .00010927  00000-0  76838-3 0  9999
2 45057  52.9981 312.4605 0001344  99.3584 233.6319 15.05558761  1795
STARLINK-1162           
1 45058U 20006Q   20169.91668981  .00011363  00000-0  79764-3 0  9996
2 45058  52.9985 312.4597 0001257 117.9249 251.0888 15.05585097  1762
STARLINK-1165           
1 45059U 20006R   20169.91668981  .00013125  00000-0  91859-3 0  9994
2 45059  52.9983 312.4581 0001493 101.3277 159.6578 15.05568499  1759
STARLINK-1166           
1 45060U 20006S   20169.91668981  .00013640  00000-0  95340-3 0  9997
2 45060  52.9995 312.4647 0001000 106.3075 172.6986 15.05582890  1751
STARLINK-1169           
1 45061U 20006T   20169.91668981  .00015503  00000-0  10805-2 0  9990
2 45061  52.9982 312.4588 0001368 108.4760 134.5280 15.05590627  1754
STARLINK-1171           
1 45062U 20006U   20169.91668981  .00015976  00000-0  11135-2 0  9992
2 45062  52.9982 312.4636 0001255 100.8323 214.1203 15.05568783  1753
STARLINK-1178           
1 45063U 20006V   20169.91668981  .00018734  00000-0  13009-2 0  9990
2 45063  52.9982 312.4600 0001482  96.3919 128.5449 15.05597160  1758
STARLINK-1133           
1 45064U 20006W   20169.91668981 -.00017187  00000-0 -11620-2 0  9991
2 45064  53.0004 292.4612 0001346  99.7250 217.3469 15.05620247  1752
STARLINK-1139           
1 45065U 20006X   20169.91668981 -.00017204  00000-0 -11633-2 0  9996
2 45065  52.9998 292.4588 0001389  98.1479 200.9053 15.05616272  1758
STARLINK-1145           
1 45066U 20006Y   20169.91668981 -.00014386  00000-0 -96980-3 0  9994
2 45066  52.9995 292.4655 0001383 114.2227 310.8699 15.05593469  1766
STARLINK-1150           
1 45067U 20006Z   20169.91668981 -.00020304  00000-0 -13769-2 0  9995
2 45067  53.0067 292.4228 0001465 117.0000 236.0645 15.05617127  1797
STARLINK-1161           
1 45068U 20006AA  20169.91668981 -.00016361  00000-0 -11059-2 0  9994
2 45068  52.9981 292.4728 0001204 112.1774 294.8436 15.05593145  1761
STARLINK-1163           
1 45069U 20006AB  20169.91668981 -.00011815  00000-0 -79262-3 0  9995
2 45069  52.9993 292.4610 0001115 100.3937   0.7231 15.05600230  1790
STARLINK-1164           
1 45070U 20006AC  20169.91668981 -.00012201  00000-0 -81958-3 0  9992
2 45070  52.9993 292.4614 0001406 115.3463  21.7113 15.05582132  1757
STARLINK-1167           
1 45071U 20006AD  20169.91668981 -.00013467  00000-0 -90663-3 0  9991
2 45071  52.9997 292.4630 0001483 104.7013  68.3993 15.05588180  1794
STARLINK-1168           
1 45072U 20006AE  20169.91668981 -.00012666  00000-0 -85183-3 0  9993
2 45072  52.9987 292.4598 0001112  85.2165  69.8638 15.05574978  1799
STARLINK-1170           
1 45073U 20006AF  20169.91668981 -.00018855  00000-0 -12779-2 0  9990
2 45073  52.9978 292.4613 0001327 105.0359 266.0886 15.05591812  1794
STARLINK-1172           
1 45074U 20006AG  20169.91668981 -.00012559  00000-0 -84355-3 0  9996
2 45074  52.9994 292.4673 0001263  90.7463 352.3344 15.05614098  1794
STARLINK-1174           
1 45075U 20006AH  20169.91668981 -.00021534  00000-0 -14634-2 0  9992
2 45075  52.9995 292.4577 0001204  95.9067 185.1576 15.05575793  1798
STARLINK-1180           
1 45076U 20006AJ  20169.91668981 -.00018984  00000-0 -12871-2 0  9999
2 45076  52.9984 292.4561 0001209 101.7924 143.2851 15.05584501  1791
STARLINK-1182           
1 45077U 20006AK  20169.91668981 -.00015865  00000-0 -10719-2 0  9994
2 45077  53.0007 292.4591 0001355 107.6577  11.4452 15.05587054  1760
STARLINK-1177           
1 45078U 20006AL  20169.91668981 -.00014223  00000-0 -95832-3 0  9992
2 45078  53.0002 292.4623 0001308 100.2453  90.8889 15.05603749  1756
STARLINK-1149           
1 45079U 20006AM  20169.91668981 -.00020263  00000-0 -13760-2 0  9993
2 45079  52.9851 292.5363 0001355 114.7642 148.4258 15.05566116 21614
STARLINK-1153           
1 45080U 20006AN  20169.91668981 -.00016950  00000-0 -11465-2 0  9993
2 45080  52.9992 292.4549 0000969 124.1018 102.9395 15.05593703  1751
STARLINK-1151           
1 45081U 20006AP  20169.91668981 -.00019180  00000-0 -13002-2 0  9991
2 45081  53.0007 292.4517 0001305 102.6006 232.4884 15.05596529  1750
STARLINK-1160           
1 45082U 20006AQ  20169.91668981 -.00017855  00000-0 -12090-2 0  9995
2 45082  52.9940 292.4883 0001158 103.3672 285.7224 15.05590733  1765
STARLINK-1190           
1 45083U 20006AR  20169.91668981  .00020406  00000-0  14158-2 0  9997
2 45083  52.9988 312.4623 0001230 106.3936  64.5884 15.05575656  1751
STARLINK-1173           
1 45084U 20006AS  20169.91668981 -.00035117  00000-0 -24023-2 0  9997
2 45084  53.0040 272.4383 0001485 100.4987 128.7138 15.05589989  1753
STARLINK-1179           
1 45085U 20006AT  20169.91668981 -.00035445  00000-0 -24255-2 0  9999
2 45085  53.0017 272.4522 0001202 107.7431 139.4347 15.05582415  1752
STARLINK-1181           
1 45086U 20006AU  20169.91668981 -.00034812  00000-0 -23805-2 0  9997
2 45086  53.0004 272.4519 0001554  79.6824 131.4859 15.05599178  1752
STARLINK-1185           
1 45087U 20006AV  20169.91668981 -.00036091  00000-0 -24699-2 0  9991
2 45087  53.0011 272.4518 0000988  68.3105 250.8718 15.05588986  1752
STARLINK-1183           
1 45088U 20006AW  20169.91668981 -.00034099  00000-0 -23324-2 0  9992
2 45088  52.9995 272.4515 0001249  90.5145 102.6777 15.05579288  1755
STARLINK-1136           
1 45089U 20006AX  20169.91668981 -.00033394  00000-0 -22830-2 0  9991
2 45089  53.0012 272.4522 0001585  78.0555  97.1755 15.05588639  1759
STARLINK-1176           
1 45090U 20006AY  20169.91668981 -.00036203  00000-0 -24767-2 0  9996
2 45090  53.0004 272.4527 0001246 103.8246 179.3972 15.05602654  1753
STARLINK-1127           
1 45091U 20006AZ  20169.91668981 -.00032107  00000-0 -21930-2 0  9995
2 45091  53.0002 272.4616 0000924  76.4035  26.8263 15.05603502  1767
STARLINK-1137           
1 45092U 20006BA  20169.91668981 -.00032940  00000-0 -22503-2 0  9998
2 45092  52.9920 272.4990 0001377  84.7451 342.4868 15.05609327  1799
STARLINK-1142           
1 45093U 20006BB  20169.91668981 -.00032323  00000-0 -22092-2 0  9997
2 45093  52.9894 272.5142 0001281 102.4135 342.8703 15.05582256  1794
STARLINK-1146           
1 45094U 20006BC  20169.91668981 -.00034459  00000-0 -23558-2 0  9998
2 45094  53.0126 272.3975 0001666  77.5103 295.6720 15.05603400  1790
STARLINK-1147           
1 45095U 20006BD  20169.91668981 -.00035233  00000-0 -24090-2 0  9992
2 45095  53.0019 272.4523 0001438  74.5605 280.7215 15.05610097  1797
STARLINK-1152           
1 45096U 20006BE  20169.91668981 -.00034138  00000-0 -23334-2 0  9996
2 45096  52.9849 272.5466 0001367  77.6818 313.5562 15.05605826  1799
STARLINK-1175           
1 45097U 20006BF  20169.91668981  .00030322  00000-0  11511-3 0  9991
2 45097  52.9983 253.5100 0000791  69.2565 161.4460 15.87381224 22624
STARLINK-1184           
1 45098U 20006BG  20169.91668981 -.00031846  00000-0 -21753-2 0  9994
2 45098  52.9997 272.4553 0000929  88.0542  33.2047 15.05598222  1799
STARLINK-1186           
1 45099U 20006BH  20169.91668981 -.00036176  00000-0 -24753-2 0  9999
2 45099  52.9995 272.4512 0001221  95.2468 206.0107 15.05595623  1795
STARLINK-1193           
1 45100U 20006BJ  20169.91668981 -.00031883  00000-0 -21771-2 0  9999
2 45100  53.0009 272.4533 0001402 103.7705  35.4514 15.05610223  1799
STARLINK-1194           
1 45101U 20006BK  20169.91668981 -.00032403  00000-0 -22129-2 0  9997
2 45101  53.0000 272.4563 0001336  88.5659  68.7209 15.05613305  1792
STARLINK-1195           
1 45102U 20006BL  20169.91668981 -.00027382  00000-0 -18657-2 0  9999
2 45102  52.9925 272.5050 0000972  90.2308 319.0089 15.05613648  1760
STARLINK-1196           
1 45103U 20006BM  20169.91668981 -.00035901  00000-0 -24562-2 0  9998
2 45103  53.0010 272.4520 0001259  89.1152 176.0591 15.05596431  1750
STARLINK-1138           
1 45178U 20012A   20170.66667824  .00038240  00000-0  26305-2 0  9990
2 45178  52.9989  69.0983 0001438 102.1914 343.2497 15.05565625 19189
STARLINK-1143           
1 45179U 20012B   20170.66667824  .00037009  00000-0  25478-2 0  9993
2 45179  52.9956  69.1165 0001483  91.4343 336.0617 15.05551145 19189
STARLINK-1192           
1 45180U 20012C   20170.66667824  .00035123  00000-0  24185-2 0  9994
2 45180  53.0005  69.0945 0001675  94.9522  26.4188 15.05567733 19186
STARLINK-1200           
1 45181U 20012D   20170.66667824  .00034207  00000-0  23571-2 0  9995
2 45181  53.0011  69.0969 0001585  93.9286  45.5600 15.05554071 19188
STARLINK-1201           
1 45182U 20012E   20170.66667824  .00118846  00000-0  80400-2 0  9992
2 45182  53.0048  49.0713 0001569  89.9963 303.5361 15.05577446 19477
STARLINK-1202           
1 45183U 20012F   20170.66667824  .00033069  00000-0  22784-2 0  9997
2 45183  53.0006  69.0950 0001769  83.5291 235.8877 15.05575803 19196
STARLINK-1205           
1 45184U 20012G   20170.66667824  .00017681  00000-0  12294-2 0  9995
2 45184  53.0006  49.0904 0001963  87.1053 270.3869 15.05586808 19446
STARLINK-1216           
1 45185U 20012H   20170.66667824  .00034848  00000-0  23995-2 0  9990
2 45185  53.0017  69.0920 0001816  92.0633 263.4026 15.05572583 19190
STARLINK-1224           
1 45186U 20012J   20170.66667824  .00036551  00000-0  25158-2 0  9997
2 45186  52.9997  69.0977 0001498  94.3841 171.0376 15.05564063 19196
STARLINK-1225           
1 45187U 20012K   20170.66667824  .00030922  00000-0  21326-2 0  9997
2 45187  52.9999  69.0963 0001493  91.6419 155.7817 15.05571887 18943
STARLINK-1228           
1 45188U 20012L   20170.66667824  .01422346  00000-0  75236-1 0  9992
2 45188  52.9985  29.2720 0003673  31.1622 323.4983 15.11864837 19402
STARLINK-1230           
1 45189U 20012M   20170.66667824  .00026660  00000-0  18419-2 0  9992
2 45189  52.9992  69.0985 0001641  84.5841 144.8430 15.05581754 18895
STARLINK-1234           
1 45190U 20012N   20170.66667824  .00578899  00000-0  33417-1 0  9994
2 45190  53.0002  29.1337 0003980  79.3019 339.9705 15.09795874 19422
STARLINK-1236           
1 45191U 20012P   20170.66667824  .00027232  00000-0  18822-2 0  9999
2 45191  52.9996  69.0949 0001371  99.8100  93.6036 15.05554910 19190
STARLINK-1237           
1 45192U 20012Q   20170.66667824  .00034183  00000-0  23548-2 0  9994
2 45192  52.9999  69.0971 0001725  99.3383 238.0923 15.05565355 18903
STARLINK-1239           
1 45193U 20012R   20170.66667824  .00035369  00000-0  24339-2 0  9991
2 45193  53.0012  69.0915 0001599  92.1194 299.3621 15.05588873 18905
STARLINK-1240           
1 45194U 20012S   20170.66667824  .00034957  00000-0  24069-2 0  9994
2 45194  53.0000  69.0955 0001587 100.7306 272.6615 15.05573455 18902
STARLINK-1241           
1 45195U 20012T   20170.66667824  .00037056  00000-0  25523-2 0  9994
2 45195  53.0011  69.0871 0001525  90.3272 319.0241 15.05532974 18902
STARLINK-1244           
1 45196U 20012U   20170.66667824  .00037556  00000-0  25835-2 0  9996
2 45196  52.9999  69.0977 0001665  98.8148   4.5782 15.05573110 18939
STARLINK-1269           
1 45197U 20012V   20170.66667824  .00031143  00000-0  21470-2 0  9994
2 45197  53.0015  69.0957 0001900  93.9150  63.5553 15.05582569 18928
STARLINK-1154           
1 45198U 20012W   20170.66667824  .00011278  00000-0  79170-3 0  9993
2 45198  53.0020  49.0918 0001891  81.7572 149.7955 15.05592101 19176
STARLINK-1197           
1 45199U 20012X   20170.66667824  .00017806  00000-0  12381-2 0  9997
2 45199  52.9999  49.0951 0001565  80.9301 132.6393 15.05580838 19177
STARLINK-1198           
1 45200U 20012Y   20170.66667824  .00102003  00000-0  69185-2 0  9998
2 45200  53.0007  49.0991 0001601  84.1966 111.3043 15.05584115 19178
STARLINK-1199           
1 45201U 20012Z   20170.66667824  .00009047  00000-0  63919-3 0  9993
2 45201  53.0002  49.1005 0001489  75.2644 102.2796 15.05584267 19171
STARLINK-1203           
1 45202U 20012AA  20170.41190875 -.00000062  00000-0  14923-4 0  9995
2 45202  52.9851  70.2276 0001616  88.1683 271.9490 15.05624847 18886
STARLINK-1204           
1 45203U 20012AB  20170.66667824  .00020085  00000-0  13929-2 0  9995
2 45203  52.9974  49.1063 0001454  89.1437 340.4171 15.05601438 19150
STARLINK-1206           
1 45204U 20012AC  20170.66667824  .00018883  00000-0  13123-2 0  9995
2 45204  53.0025  49.0861 0001533  84.9404 290.6037 15.05562958 19183
STARLINK-1208           
1 45205U 20012AD  20170.66667824  .00013638  00000-0  95307-3 0  9994
2 45205  53.0008  49.0915 0001746  83.5519 184.0055 15.05592556 19197
STARLINK-1209           
1 45206U 20012AE  20170.66667824  .02593625  00000-0  13143+0 0  9990
2 45206  53.0034  28.0008 0002551 325.9456 303.2412 15.13021618 19451
STARLINK-1210           
1 45207U 20012AF  20170.66667824  .00010809  00000-0  75994-3 0  9993
2 45207  52.9998  49.0996 0001817  81.8197  77.6654 15.05577315 19172
STARLINK-1211           
1 45208U 20012AG  20170.66667824  .00015093  00000-0  10521-2 0  9998
2 45208  53.0006  49.0967 0001557  83.9007  39.6818 15.05605363 19172
STARLINK-1218           
1 45209U 20012AH  20170.66667824  .00016652  00000-0  11596-2 0  9994
2 45209  53.0007  49.0900 0001623  76.7456 262.7377 15.05571653 19187
STARLINK-1219           
1 45210U 20012AJ  20170.66667824  .00012845  00000-0  89934-3 0  9998
2 45210  52.9990  49.0978 0001841  83.5463  58.0033 15.05571229 19172
STARLINK-1231           
1 45212U 20012AL  20170.66667824  .00101221  00000-0  68672-2 0  9992
2 45212  53.0015  49.0902 0001813  88.0113 215.4772 15.05579553 19180
STARLINK-1232           
1 45213U 20012AM  20170.66667824  .00014796  00000-0  10327-2 0  9997
2 45213  53.0023  49.0907 0001752  78.1707 207.3943 15.05572885 19176
STARLINK-1233           
1 45214U 20012AN  20170.66667824  .00019088  00000-0  13257-2 0  9992
2 45214  52.9986  49.1038 0001394  84.9022   2.6617 15.05579596 19176
STARLINK-1245           
1 45215U 20012AP  20170.66667824  .00017170  00000-0  11939-2 0  9998
2 45215  53.0004  49.0960 0001873  87.8987  17.6659 15.05604237 19170
STARLINK-1254           
1 45216U 20012AQ  20170.66667824  .00016532  00000-0  11511-2 0  9996
2 45216  53.0028  49.0901 0001951  78.1676 243.3506 15.05581386 19186
STARLINK-1271           
1 45217U 20012AR  20170.66667824  .00016969  00000-0  11810-2 0  9993
2 45217  53.0014  49.0907 0001991  88.1563 161.3679 15.05578965 19176
STARLINK-1105           
1 45218U 20012AS  20170.66667824  .01132792  00000-0  32571-1 0  9994
2 45218  52.9989  30.1490 0002614 141.5541 356.1604 15.32812631 19440
STARLINK-1187           
1 45219U 20012AT  20170.66667824  .01997576  00000-0  75067-1 0  9991
2 45219  53.0012  29.5901 0002792 357.0486 309.8147 15.23250093 19443
STARLINK-1188           
1 45220U 20012AU  20170.66667824  .00633986  00000-0  19349-1 0  9995
2 45220  53.0004  30.1395 0004253  46.5427 327.7632 15.31128353 19440
STARLINK-1189           
1 45221U 20012AV  20170.66667824  .00779951  00000-0  23639-1 0  9996
2 45221  53.0002  30.1696 0004147  53.4138 332.3752 15.31243818 19440
STARLINK-1191           
1 45222U 20012AW  20170.66667824  .00634273  00000-0  19421-1 0  9998
2 45222  53.0019  30.1521 0004008  39.9449 320.2590 15.31021838 19448
STARLINK-1212           
1 45223U 20012AX  20170.66667824  .01214306  00000-0  34524-1 0  9992
2 45223  53.0006  30.1566 0002632 151.3009 356.6592 15.32986671 19447
STARLINK-1214           
1 45224U 20012AY  20170.66667824  .01527921  00000-0  46895-1 0  9997
2 45224  53.0002  30.2303 0003180  15.9128 309.5491 15.30326765 19456
STARLINK-1215           
1 45225U 20012AZ  20170.66667824  .00630285  00000-0  18575-1 0  9999
2 45225  52.9982  30.1587 0003645 105.5987 348.3537 15.32267613 19449
STARLINK-1217           
1 45226U 20012BA  20170.66667824  .00597069  00000-0  17844-1 0  9990
2 45226  52.9988  30.1427 0003826  84.5062 346.9097 15.31942604 19411
STARLINK-1221           
1 45227U 20012BB  20170.66667824  .00734929  00000-0  22654-1 0  9994
2 45227  53.0006  30.1726 0003724  34.1899 314.5367 15.30841498 19412
STARLINK-1222           
1 45228U 20012BC  20170.66667824  .01281423  00000-0  39121-1 0  9999
2 45228  53.0000  30.2004 0002833  26.5964 310.4412 15.30538824 19440
STARLINK-1226           
1 45229U 20012BD  20170.66667824  .00641897  00000-0  18793-1 0  9996
2 45229  52.9995  30.1751 0003431 108.6980 356.4723 15.32435414 19443
STARLINK-1227           
1 45230U 20012BE  20170.66667824  .00626514  00000-0  18293-1 0  9992
2 45230  52.9994  30.1702 0003153 118.4950 357.7957 15.32579134 19448
STARLINK-1229           
1 45231U 20012BF  20170.66667824  .00603538  00000-0  18119-1 0  9991
2 45231  52.9991  30.1301 0003987  76.4261 343.6202 15.31773231 19444
STARLINK-1235           
1 45232U 20012BG  20170.66667824  .02321215  00000-0  10746+0 0  9999
2 45232  53.0021  29.2717 0001407 185.5217 354.9653 15.16054333 19442
STARLINK-1238           
1 45233U 20012BH  20170.66667824  .00020305  00000-0  14091-2 0  9994
2 45233  52.9913  49.1333 0001411  96.1184 315.4394 15.05569776 19175
STARLINK-1243           
1 45234U 20012BJ  20170.66667824  .00026497  00000-0  18314-2 0  9995
2 45234  52.9990  69.0979 0001336  91.9733 119.4464 15.05569687 18920
STARLINK-1246           
1 45235U 20012BK  20170.66667824  .00030062  00000-0  20745-2 0  9990
2 45235  53.0021  69.0962 0001291  79.8051 203.6655 15.05564173 18921
STARLINK-1247           
1 45236U 20012BL  20170.66667824  .00777171  00000-0  22483-1 0  9990
2 45236  52.9994  30.1785 0002834 126.1163   0.5782 15.32747804 19442
STARLINK-1270           
1 45237U 20012BM  20170.66667824  .00682361  00000-0  20425-1 0  9991
2 45237  53.0006  30.1270 0004066  69.7500 338.8934 15.31573167 19448
STARLINK-1279           
1 45360U 20019A   20170.25002315 -.00014314  00000-0 -31999-3 0  9997
2 45360  53.0014 164.5907 0000969  49.7001 180.8488 15.42166132 15026
STARLINK-1301           
1 45361U 20019B   20170.41667824  .00039948  00000-0  27452-2 0  9994
2 45361  53.0072 170.1701 0001494  71.1901 159.8161 15.05582919 14968
STARLINK-1306           
1 45362U 20019C   20170.25002315 -.00028322  00000-0 -21074-2 0  9995
2 45362  52.9997 190.4214 0001328  88.9727 147.3536 15.02343608 14678
STARLINK-1311           
1 45363U 20019D   20169.49515346  .00061541  00000-0  44003-3 0  9999
2 45363  52.9949 165.9994 0007800  40.3423 319.8171 15.73140674 14941
STARLINK-1313           
1 45364U 20019E   20170.25002315 -.00016592  00000-0 -37194-3 0  9994
2 45364  52.9985 164.5579 0000731  28.0141 214.4179 15.42212100 15020
STARLINK-1317           
1 45365U 20019F   20169.91668981  .00046658  00000-0  32011-2 0  9999
2 45365  52.9963 172.4740 0001715  78.0265  51.4019 15.05570036  1751
STARLINK-1262           
1 45366U 20019G   20170.41667824  .00014578  00000-0  10182-2 0  9993
2 45366  52.9972 190.2204 0001169  98.9805  75.8689 15.05557584 14692
STARLINK-1273           
1 45367U 20019H   20170.25002315 -.00021154  00000-0 -14366-2 0  9992
2 45367  52.9978 190.9681 0001080 103.9267 139.1102 15.05590572 14661
STARLINK-1276           
1 45368U 20019J   20170.25002315 -.00022485  00000-0 -15276-2 0  9992
2 45368  52.9987 190.9625 0001071  93.7891 293.1822 15.05611745 14676
STARLINK-1277           
1 45369U 20019K   20170.25002315 -.00025829  00000-0 -17596-2 0  9995
2 45369  52.9985 190.9632 0001512  98.4489 306.5916 15.05588033 14674
STARLINK-1281           
1 45370U 20019L   20170.25002315 -.00032929  00000-0 -22495-2 0  9990
2 45370  52.9930 190.9908 0001140  85.6643  13.3255 15.05610069 14640
STARLINK-1287           
1 45371U 20019M   20169.91668981  .00119457  00000-0  80854-2 0  9992
2 45371  52.9978 192.4649 0001404  92.9194 196.3763 15.05554924  1792
STARLINK-1288           
1 45372U 20019N   20170.25002315 -.00028616  00000-0 -19522-2 0  9997
2 45372  52.9996 190.9663 0001444  91.9964 133.0581 15.05589603 14668
STARLINK-1295           
1 45373U 20019P   20170.41667824  .00013556  00000-0  94797-3 0  9991
2 45373  52.9979 190.2181 0001374  78.6315  60.1538 15.05571873 14697
STARLINK-1300           
1 45374U 20019Q   20170.25002315 -.00024284  00000-0 -16530-2 0  9992
2 45374  52.9979 190.9667 0001357  90.3517 242.6715 15.05583506 14667
STARLINK-1302           
1 45375U 20019R   20170.41667824  .00012303  00000-0  86171-3 0  9999
2 45375  52.9981 190.2187 0001495  87.3408 357.5111 15.05596116 14699
STARLINK-1304           
1 45376U 20019S   20170.41667824  .00011156  00000-0  78366-3 0  9992
2 45376  53.0000 190.2198 0001088  91.9864 262.8530 15.05577323 14682
STARLINK-1305           
1 45377U 20019T   20170.25002315 -.00022450  00000-0 -15247-2 0  9992
2 45377  52.9967 190.9662 0001448  93.0549 275.9241 15.05623338 14670
STARLINK-1310           
1 45378U 20019U   20170.25002315 -.00034787  00000-0 -23801-2 0  9994
2 45378  52.9989 190.9600 0000918  91.3125 349.8200 15.05580074 14674
STARLINK-1319           
1 45379U 20019V   20170.16667824 -.00024041  00000-0 -16347-2 0  9996
2 45379  52.9988 191.3358 0001424 108.8894 222.1911 15.05618983 14650
STARLINK-1207           
1 45380U 20019W   20170.25002315 -.00018435  00000-0 -12492-2 0  9993
2 45380  53.0004 170.9565 0002108  75.2194 241.9629 15.05583314 14953
STARLINK-1258           
1 45381U 20019X   20170.25002315  .00032823  00000-0  22622-2 0  9995
2 45381  53.0004 170.9563 0001912  72.8750 190.3394 15.05566719 14939
STARLINK-1264           
1 45382U 20019Y   20170.25002315 -.00026405  00000-0 -17989-2 0  9997
2 45382  52.9994 170.9566 0001612  72.0287 299.1296 15.05597817 14766
STARLINK-1266           
1 45383U 20019Z   20169.91668981  .00040411  00000-0  27769-2 0  9994
2 45383  53.0010 172.4509 0001435  72.7346 218.6933 15.05578377  1791
STARLINK-1267           
1 45384U 20019AA  20170.41667824  .00036124  00000-0  24860-2 0  9992
2 45384  53.0000 170.2088 0002029  71.4096 105.5138 15.05576135 14972
STARLINK-1268           
1 45385U 20019AB  20170.36210484  .00006973  00000-0  76192-4 0  9999
2 45385  52.9977 164.3321 0001564 156.0588 204.0498 15.64642545 15055
STARLINK-1272           
1 45386U 20019AC  20170.41667824  .03010279  00000-0  14281+0 0  9993
2 45386  52.9999 168.8739 0003565 119.9478 340.5426 15.14811590 14993
STARLINK-1274           
1 45387U 20019AD  20170.41667824  .02146676  00000-0  67218-1 0  9994
2 45387  52.9953 168.3048 0002338  26.9536 299.3551 15.29079769 14979
STARLINK-1280           
1 45388U 20019AE  20170.25002315 -.00028286  00000-0 -22923-2 0  9996
2 45388  53.0014 189.4455 0001372  92.3138 149.3200 14.99101102 14684
STARLINK-1283           
1 45389U 20019AF  20170.25002315 -.00023745  00000-0 -16160-2 0  9998
2 45389  52.9987 170.9678 0001541  64.6417  90.5851 15.05579106 14943
STARLINK-1284           
1 45390U 20019AG  20170.41667824  .00037417  00000-0  25743-2 0  9996
2 45390  53.0006 170.2090 0001596  70.2106  34.7609 15.05569096 14968
STARLINK-1289           
1 45391U 20019AH  20170.25002315 -.00020910  00000-0 -14189-2 0  9991
2 45391  52.9983 170.9592 0001398  54.6999 154.4536 15.05613097 14668
STARLINK-1290           
1 45392U 20019AJ  20170.25002315 -.00012891  00000-0 -86615-3 0  9995
2 45392  52.9927 171.1522 0001304  59.1726  41.8950 15.05623041 14667
STARLINK-1291           
1 45393U 20019AK  20170.25002315 -.00018557  00000-0 -12572-2 0  9991
2 45393  53.0014 170.9530 0001811  73.9499 315.1388 15.05594638 14703
STARLINK-1292           
1 45394U 20019AL  20170.41667824  .00037363  00000-0  25707-2 0  9990
2 45394  53.0000 170.2148 0001649  64.6705   4.1974 15.05567978 14706
STARLINK-1297           
1 45395U 20019AM  20170.41667824  .01431103  00000-0  82300-1 0  9993
2 45395  53.0024 170.1284 0001233 295.8198 323.2471 15.08785520 14723
STARLINK-1303           
1 45396U 20019AN  20169.91668981  .00036485  00000-0  25104-2 0  9995
2 45396  52.9983 172.4585 0000843  86.2946  97.1212 15.05578448  1793
STARLINK-1307           
1 45397U 20019AP  20170.25002315 -.00015496  00000-0 -10464-2 0  9992
2 45397  52.9873 171.1060 0002120  72.7478  46.3263 15.05587307 14763
STARLINK-1312           
1 45398U 20019AQ  20169.91668981  .00036245  00000-0  24952-2 0  9991
2 45398  52.9992 172.4602 0001568 102.3747  63.0915 15.05561428  1791
STARLINK-1255           
1 45399U 20019AR  20170.41667824  .03372109  00000-0  37090-1 0  9995
2 45399  52.9977 164.4689 0004749 222.4945 278.9575 15.59049301 14859
STARLINK-1213           
1 45400U 20019AS  20170.41667824  .02506536  00000-0  29465-1 0  9997
2 45400  52.9992 164.3383 0001908 202.3368 344.2542 15.57717795 14789
STARLINK-1256           
1 45401U 20019AT  20170.41667824  .02602396  00000-0  30255-1 0  9998
2 45401  52.9991 164.3374 0002787 221.5983 329.6515 15.57895979 14857
STARLINK-1257           
1 45402U 20019AU  20170.41667824  .02330738  00000-0  26703-1 0  9990
2 45402  52.9991 164.3113 0004828 240.7126 314.9469 15.58116904 14859
STARLINK-1259           
1 45403U 20019AV  20170.41667824  .02630601  00000-0  31148-1 0  9992
2 45403  52.9992 164.3260 0002146 192.7838 344.5040 15.57363239 14859
STARLINK-1260           
1 45404U 20019AW  20170.41667824  .03540027  00000-0  42422-1 0  9993
2 45404  52.9997 164.3812 0007591 233.0163 285.0542 15.56563516 14762
STARLINK-1263           
1 45405U 20019AX  20170.41667824  .03861015  00000-0  44348-1 0  9996
2 45405  52.9983 164.3351 0006000 240.4107 301.4578 15.57361566 14764
STARLINK-1265           
1 45406U 20019AY  20170.41667824  .03746409  00000-0  44090-1 0  9990
2 45406  53.0000 164.3704 0006543 235.3238 296.7026 15.56828991 14762
STARLINK-1275           
1 45407U 20019AZ  20170.41667824  .04833660  00000-0  57704-1 0  9994
2 45407  52.9958 164.3981 0003234 168.1882 340.2189 15.56028366 14765
STARLINK-1278           
1 45408U 20019BA  20170.25002315 -.00028139  00000-0 -22815-2 0  9996
2 45408  53.0007 189.4123 0001250  92.7659 155.7350 14.99080069 14403
STARLINK-1282           
1 45409U 20019BB  20170.41667824  .03522351  00000-0  43287-1 0  9998
2 45409  52.9978 164.4034 0003096 159.2481 338.9309 15.55884468 14772
STARLINK-1285           
1 45410U 20019BC  20170.41667824  .02576874  00000-0  30754-1 0  9993
2 45410  53.0001 164.3508 0004936 232.3815 300.1725 15.57229629 14762
STARLINK-1293           
1 45411U 20019BD  20170.41667824  .03611593  00000-0  38909-1 0  9993
2 45411  52.9977 164.4169 0005939 230.5964 279.2397 15.59347889 14768
STARLINK-1296           
1 45412U 20019BE  20170.41667824  .03916866  00000-0  45934-1 0  9991
2 45412  52.9993 164.3764 0007949 238.6743 284.3149 15.56740395 14762
STARLINK-1298           
1 45413U 20019BF  20170.41667824  .03535334  00000-0  37941-1 0  9998
2 45413  52.9979 164.3983 0004628 227.2651 286.7856 15.59528180 14853
STARLINK-1309           
1 45414U 20019BG  20170.41667824  .03679212  00000-0  44678-1 0  9998
2 45414  52.9997 164.3940 0003156 163.3423 339.9289 15.56036760 14776
STARLINK-1316           
1 45415U 20019BH  20170.41667824  .01723118  00000-0  19871-1 0  9999
2 45415  52.9992 164.3149 0003962 241.7084 318.5609 15.58396781 14786
STARLINK-1318           
1 45416U 20019BJ  20170.41667824  .03684888  00000-0  44184-1 0  9997
2 45416  52.9988 164.3981 0004623 219.3901 293.9187 15.56382900 14772
STARLINK-1286           
1 45417U 20019BK  20170.41667824  .00015673  00000-0  11406-2 0  9997
2 45417  52.9977 189.8078 0001519  80.4996 147.9608 15.03959728 14699
STARLINK-1299           
1 45418U 20019BL  20170.38245419 -.00001505  00000-0 -10137-3 0  9998
2 45418  53.0015 188.5712 0000751  87.6785 272.4287 14.99074813 14456
STARLINK-1308           
1 45419U 20019BM  20170.66667824 -.00036397  00000-0 -24893-2 0  9998
2 45419  53.0194 188.9889 0001408  85.7955 220.8155 15.05615846 14469
STARLINK-1329           
1 45531U 20025A   20170.50002315 -.00033668  00000-0 -23012-2 0  9991
2 45531  52.9987 129.8478 0001381  74.9400 198.2841 15.05600515  9466
STARLINK-1338           
1 45532U 20025B   20170.66667824  .00008349  00000-0  59169-3 0  9990
2 45532  53.0193 128.9950 0001908  83.1626 301.8636 15.05569691  9519
STARLINK-1339           
1 45533U 20025C   20170.66667824  .00011130  00000-0  78243-3 0  9997
2 45533  53.0021 129.0891 0001653  71.6150 223.4629 15.05551062  9498
STARLINK-1341           
1 45534U 20025D   20170.66667824  .00009457  00000-0  66724-3 0  9998
2 45534  53.0013 129.0761 0001425  68.5035 262.4907 15.05584796  9492
STARLINK-1350           
1 45535U 20025E   20170.66667824  .00008648  00000-0  61197-3 0  9999
2 45535  53.0020 129.0910 0001510  56.6499 166.3818 15.05579882  9509
STARLINK-1352           
1 45536U 20025F   20170.66667824  .00008558  00000-0  60580-3 0  9995
2 45536  53.0009 129.0973 0001704  76.6839 128.3284 15.05580231  9506
STARLINK-1353           
1 45537U 20025G   20170.66667824  .00009225  00000-0  56234-3 0  9999
2 45537  53.0029 128.7296 0001584 356.4983  89.8466 15.11031457  9510
STARLINK-1362           
1 45538U 20025H   20170.66667824  .00008171  00000-0  57936-3 0  9999
2 45538  52.9979 129.1008 0001488  84.2950 354.6846 15.05578245  9500
STARLINK-1367           
1 45539U 20025J   20170.66667824  .00029678  00000-0  32851-3 0  9994
2 45539  52.9777 119.6805 0009004 357.6758 228.2982 15.62730040  9627
STARLINK-1368           
1 45540U 20025K   20170.50002315  .03569488  00000-0  21814+0 0  9991
2 45540  53.0019 129.8697 0003394  39.3450 323.7586 15.05509687  9484
STARLINK-1369           
1 45541U 20025L   20170.50002315 -.00017741  00000-0 -12008-2 0  9999
2 45541  53.0009 129.8676 0001343  84.1897 261.0317 15.05599755  9476
STARLINK-1371           
1 45542U 20025M   20170.50002315 -.00030163  00000-0 -20581-2 0  9998
2 45542  53.0080 129.7869 0001778  71.8317  93.4666 15.05609152  9478
STARLINK-1372           
1 45543U 20025N   20170.50002315 -.00020454  00000-0 -13879-2 0  9993
2 45543  53.0017 129.8688 0001339  88.1930 239.0284 15.05600024  9477
STARLINK-1373           
1 45544U 20025P   20170.50002315  .00046333  00000-0  31778-2 0  9994
2 45544  52.9948 129.9068 0001337  79.8159 157.4082 15.05585332  9462
STARLINK-1374           
1 45545U 20025Q   20170.66667824  .00010660  00000-0  74978-3 0  9998
2 45545  53.0023 129.0881 0001793  74.6252 238.3336 15.05574018  9501
STARLINK-1375           
1 45546U 20025R   20170.66667824  .00009369  00000-0  66176-3 0  9994
2 45546  53.0008 129.0914 0001688  69.6258 171.3954 15.05555919  9506
STARLINK-1377           
1 45547U 20025S   20170.50002315 -.00029416  00000-0 -20071-2 0  9996
2 45547  52.9997 129.8363 0001721  67.3678  25.8844 15.05597512  9480
STARLINK-1378           
1 45548U 20025T   20170.50002315 -.00021801  00000-0 -14808-2 0  9998
2 45548  53.0011 129.8661 0001338  94.6752 214.5460 15.05600945  9476
STARLINK-1379           
1 45549U 20025U   20170.50002315 -.00035530  00000-0 -24316-2 0  9998
2 45549  52.9982 129.8439 0001602  73.4334 217.8597 15.05578632  9474
STARLINK-1390           
1 45550U 20025V   20170.50002315  .00069397  00000-0  47353-2 0  9992
2 45550  52.9904 129.9251 0001316  86.1463 133.0783 15.05580644  9460
STARLINK-1294           
1 45551U 20025W   20170.66667824  .00028141  00000-0  31173-3 0  9998
2 45551  52.9975 119.6719 0008608  25.0057 245.4900 15.62745780  9620
STARLINK-1322           
1 45552U 20025X   20170.66667824  .00022614  00000-0  25202-3 0  9994
2 45552  52.9991 119.6659 0001276  73.5675 199.5116 15.62762638  9629
STARLINK-1323           
1 45553U 20025Y   20170.66667824  .00035071  00000-0  38735-3 0  9991
2 45553  52.9980 119.6906 0001121  83.7157 179.1206 15.62741862  9620
STARLINK-1325           
1 45554U 20025Z   20170.50002315 -.00022907  00000-0 -24492-3 0  9994
2 45554  52.9996 120.4861 0001378  68.7413 341.0179 15.62764661  9597
STARLINK-1327           
1 45555U 20025AA  20170.50002315 -.00027477  00000-0 -29491-3 0  9996
2 45555  52.9984 120.5333 0001385  72.6461 316.8182 15.62781956  9595
STARLINK-1334           
1 45556U 20025AB  20170.66667824  .00025372  00000-0  28239-3 0  9995
2 45556  52.9984 119.6842 0001004  75.9883 189.4372 15.62722492  9621
STARLINK-1336           
1 45557U 20025AC  20170.66667824  .00030451  00000-0  33699-3 0  9996
2 45557  52.9997 119.6906 0001427  72.9116 187.3958 15.62764386  9627
STARLINK-1342           
1 45558U 20025AD  20170.66667824  .00039731  00000-0  43761-3 0  9998
2 45558  52.9998 119.7457 0001298  80.9387 151.4315 15.62753129  9628
STARLINK-1344           
1 45559U 20025AE  20170.50002315 -.00026642  00000-0 -28542-3 0  9999
2 45559  52.9991 120.5042 0001065  67.4068 332.2276 15.62811606  9596
STARLINK-1346           
1 45560U 20025AF  20170.50002315 -.00024204  00000-0 -25817-3 0  9995
2 45560  52.9987 120.5232 0008611 348.8989  48.2210 15.62801516  9597
STARLINK-1348           
1 45561U 20025AG  20170.50002315 -.00036697  00000-0 -39684-3 0  9992
2 45561  52.9970 120.5530 0001405  75.5898 303.6153 15.62745761  9591
STARLINK-1354           
1 45562U 20025AH  20170.66667824  .00022445  00000-0  25018-3 0  9992
2 45562  52.9975 119.7089 0001190  77.1132 175.6316 15.62762505  9623
STARLINK-1355           
1 45563U 20025AJ  20170.66667824  .00037877  00000-0  41791-3 0  9994
2 45563  52.9982 119.7195 0001237  84.8171 157.7184 15.62731198  9628
STARLINK-1356           
1 45564U 20025AK  20170.66667824  .00024337  00000-0  27084-3 0  9991
2 45564  52.9998 119.7224 0001158  70.8801 174.2247 15.62750663  9628
STARLINK-1357           
1 45565U 20025AL  20170.66667824  .00034710  00000-0  38369-3 0  9996
2 45565  53.0000 119.7151 0001058  61.7907 188.3632 15.62725117  9629
STARLINK-1358           
1 45566U 20025AM  20170.66667824  .00034656  00000-0  38238-3 0  9991
2 45566  52.9981 119.7253 0001487  67.3030 172.6838 15.62773888  9626
STARLINK-1361           
1 45567U 20025AN  20170.66667824  .00042466  00000-0  46710-3 0  9994
2 45567  52.9988 119.7561 0001330  74.0810 153.2349 15.62756951  9628
STARLINK-1363           
1 45568U 20025AP  20170.66667824  .00034721  00000-0  38398-3 0  9993
2 45568  52.9999 119.7352 0001434 350.9479 243.9485 15.62713415  9627
STARLINK-1366           
1 45569U 20025AQ  20170.66667824  .00041893  00000-0  46081-3 0  9990
2 45569  52.9987 119.7526 0001293  78.9766 145.7833 15.62762598  9629
STARLINK-1376           
1 45570U 20025AR  20170.66667824  .00026336  00000-0  29243-3 0  9998
2 45570  52.9999 119.7517 0000992  73.4108 156.4483 15.62760436  9628
STARLINK-1261           
1 45571U 20025AS  20170.66667824  .00035504  00000-0  39199-3 0  9997
2 45571  52.9986 119.6759 0001260  78.8070 190.4149 15.62745505  9625
STARLINK-1320           
1 45572U 20025AT  20170.66667824  .00022680  00000-0  25282-3 0  9997
2 45572  52.9989 119.6541 0001104  25.1164 249.2064 15.62753434  9623
STARLINK-1321           
1 45573U 20025AU  20170.66667824  .00034552  00000-0  38193-3 0  9994
2 45573  52.9974 119.7324 0001030  75.3590 165.9037 15.62728355  9624
STARLINK-1324           
1 45574U 20025AV  20170.66667824  .00022609  00000-0  25220-3 0  9992
2 45574  52.9990 119.6521 0001268  70.3531 201.4306 15.62737940  9629
STARLINK-1326           
1 45575U 20025AW  20170.50002315 -.00023206  00000-0 -24807-3 0  9990
2 45575  52.9973 120.4902 0001411  57.3830 348.6500 15.62777083  9599
STARLINK-1328           
1 45576U 20025AX  20170.50002315 -.00026717  00000-0 -28690-3 0  9995
2 45576  52.9992 120.5243 0001172  67.3880 328.5003 15.62752718  9593
STARLINK-1330           
1 45577U 20025AY  20170.50002315 -.00036376  00000-0 -39252-3 0  9994
2 45577  52.9971 120.5565 0001103  57.9992 320.0477 15.62797280  9596
STARLINK-1331           
1 45578U 20025AZ  20170.66667824  .00034942  00000-0  38573-3 0  9994
2 45578  52.9979 119.6895 0000935  67.1140 191.9216 15.62757149  9620
STARLINK-1332           
1 45579U 20025BA  20170.66667824  .00026392  00000-0  29327-3 0  9992
2 45579  52.9979 119.7213 0001266  65.1230 173.5702 15.62739614  9625
STARLINK-1333           
1 45580U 20025BB  20170.66667824  .00023816  00000-0  26549-3 0  9995
2 45580  52.9997 119.6698 0001017  67.3187 199.3543 15.62721195  9626
STARLINK-1335           
1 45581U 20025BC  20170.66667824  .00035961  00000-0  39685-3 0  9995
2 45581  52.9987 119.7125 0001327  74.5504 174.3776 15.62751296  9625
STARLINK-1337           
1 45582U 20025BD  20170.66667824  .00029067  00000-0  32257-3 0  9994
2 45582  52.9999 119.7413 0000959  83.5477 150.1318 15.62717834  9622
STARLINK-1340           
1 45583U 20025BE  20170.66667824  .00035552  00000-0  39248-3 0  9998
2 45583  52.9999 119.7226 0001163  73.0057 173.3381 15.62747634  9629
STARLINK-1343           
1 45584U 20025BF  20170.50002315 -.00025937  00000-0 -27801-3 0  9990
2 45584  52.9968 120.5149 0001437  64.7731 333.6192 15.62780797  9594
STARLINK-1345           
1 45585U 20025BG  20170.50002315 -.00036536  00000-0 -39403-3 0  9999
2 45585  52.9979 120.5331 0001395  81.1961 304.4484 15.62812542  9595
STARLINK-1347           
1 45586U 20025BH  20170.50002315 -.00026706  00000-0 -28606-3 0  9991
2 45586  52.9970 120.5293 0001189  63.2705 329.9954 15.62816350  9597
STARLINK-1349           
1 45587U 20025BJ  20170.66667824  .00037086  00000-0  40956-3 0  9994
2 45587  53.0000 119.6890 0001312  83.0507 178.5901 15.62717712  9620
STARLINK-1360           
1 45588U 20025BK  20170.66667824  .00027058  00000-0  30024-3 0  9998
2 45588  52.9984 119.7507 0002077   5.8536 222.7276 15.62760986  9627
STARLINK-1364           
1 45589U 20025BL  20170.66667824  .00034477  00000-0  38101-3 0  9996
2 45589  52.9996 119.7495 0000868  62.2784 168.8077 15.62735800  9621
STARLINK-1365           
1 45590U 20025BM  20170.50002315 -.00028058  00000-0 -19131-2 0  9990
2 45590  53.0167 129.7591 0001447 113.1703  70.0517 15.05599600  9462
STARLINK-1440           
1 45657U 20035A   20170.50002315  .00075031  11384-4  79523-4 0  9990
2 45657  52.9998  96.7215 0097786 103.9409 214.5680 16.00805016  3202
STARLINK-1441           
1 45658U 20035B   20170.66667824  .02641623  00000-0  23542-1 0  9994
2 45658  53.0012  97.6302 0004027 132.9867 315.0290 15.64242473  3200
STARLINK-1442           
1 45659U 20035C   20170.66667824  .02534433  00000-0  22808-1 0  9999
2 45659  53.0011  97.6408 0003767 126.9393 318.7916 15.64142716  3208
STARLINK-1443           
1 45660U 20035D   20170.66667824  .02619383  00000-0  24012-1 0  9998
2 45660  53.0011  97.6431 0003903 132.1838 312.2900 15.64105242  3206
STARLINK-1444           
1 45661U 20035E   20170.66667824  .03030069  00000-0  26906-1 0  9992
2 45661  53.0003  97.5918 0003283 136.6932 324.4928 15.64424363  3193
STARLINK-1445           
1 45662U 20035F   20170.66667824  .02732799  00000-0  24731-1 0  9995
2 45662  53.0011  97.6208 0004048 140.1592 316.5504 15.64298670  3257
STARLINK-1446           
1 45663U 20035G   20170.66667824  .02863742  00000-0  25796-1 0  9991
2 45663  53.0008  97.6222 0003938 139.7929 315.6814 15.64260161  3208
STARLINK-1447           
1 45664U 20035H   20170.66667824  .02689957  00000-0  24446-1 0  9997
2 45664  53.0011  97.6277 0003901 135.7651 316.0012 15.64242065  3209
STARLINK-1448           
1 45665U 20035J   20170.66667824  .02490034  00000-0  22463-1 0  9991
2 45665  53.0010  97.6416 0004029 128.5886 314.6186 15.64144045  3201
STARLINK-1449           
1 45666U 20035K   20170.66667824  .02394443  00000-0  21764-1 0  9992
2 45666  53.0006  97.6483 0003803 126.2290 315.8366 15.64085260  3200
STARLINK-1450           
1 45667U 20035L   20170.66667824  .03273401  00000-0  28657-1 0  9992
2 45667  53.0007  97.5938 0003755 146.4286 318.4238 15.64499473  3258
STARLINK-1451           
1 45668U 20035M   20170.66667824  .02686378  00000-0  24391-1 0  9994
2 45668  53.0008  97.6257 0003894 135.4919 314.9421 15.64269824  3205
STARLINK-1452           
1 45669U 20035N   20170.66667824  .02929912  00000-0  26269-1 0  9995
2 45669  53.0010  97.6085 0003286 133.4629 325.7231 15.64297658  3192
STARLINK-1453           
1 45670U 20035P   20170.66667824  .00117358  00000-0  82180-3 0  9994
2 45670  53.0006  96.9060 0013631 105.9936 313.0533 15.73277656  3218
STARLINK-1454           
1 45671U 20035Q   20170.66667824  .02836668  00000-0  25445-1 0  9998
2 45671  53.0009  97.6098 0003886 140.4714 317.1887 15.64399525  3206
STARLINK-1455           
1 45672U 20035R   20170.66667824  .00129722  00000-0  70151-3 0  9999
2 45672  52.9999  96.4768 0021933 106.3885 158.0222 15.78880508  3225
STARLINK-1456           
1 45673U 20035S   20170.66667824  .02762161  00000-0  25002-1 0  9995
2 45673  53.0008  97.6258 0003924 138.3589 314.6180 15.64257742  3206
STARLINK-1457           
1 45674U 20035T   20170.66667824  .02651449  00000-0  24120-1 0  9992
2 45674  53.0012  97.6281 0003949 134.9584 314.2377 15.64262991  3219
STARLINK-1458           
1 45675U 20035U   20170.66667824  .02790508  00000-0  25157-1 0  9994
2 45675  53.0009  97.6193 0003985 138.6716 315.4061 15.64326881  3207
STARLINK-1460           
1 45676U 20035V   20170.66667824  .03098468  00000-0  27422-1 0  9999
2 45676  53.0009  97.6020 0003915 146.7240 317.1254 15.64430708  3209
STARLINK-1392           
1 45677U 20035W   20170.66667824  .03458594  00000-0  30201-1 0  9999
2 45677  53.0014  97.5495 0004053 163.4955 323.2642 15.64961353  3208
STARLINK-1393           
1 45678U 20035X   20170.50002315  .04272886  00000-0  35692-1 0  9999
2 45678  53.0007  98.3689 0001243 279.2884 346.4592 15.65251998  3186
STARLINK-1394           
1 45679U 20035Y   20170.50002315  .04261967  00000-0  35657-1 0  9999
2 45679  53.0013  98.3690 0001229 270.5471 354.0360 15.65222745  3182
STARLINK-1395           
1 45680U 20035Z   20170.50002315  .00008633  00000-0  66861-4 0  9990
2 45680  53.0004  97.7328 0007979 106.6888  87.9717 15.72823499  3183
STARLINK-1396           
1 45681U 20035AA  20170.50002315  .04212919  00000-0  36315-1 0  9997
2 45681  53.0007  98.3762 0001300 277.0068 346.5850 15.65150530  3184
STARLINK-1397           
1 45682U 20035AB  20170.66667824  .03554899  00000-0  31075-1 0  9990
2 45682  53.0008  97.5568 0004099 161.3305 319.4357 15.64837490  3208
STARLINK-1399           
1 45683U 20035AC  20170.66667824  .03658277  00000-0  31747-1 0  9992
2 45683  53.0005  97.5484 0004066 166.8169 321.2653 15.64918154  3202
STARLINK-1401           
1 45684U 20035AD  20170.66667824  .03229198  00000-0  28121-1 0  9991
2 45684  53.0010  97.5762 0004056 151.2044 320.1201 15.64688072  3207
STARLINK-1402           
1 45685U 20035AE  20170.66667824  .03376081  00000-0  29307-1 0  9993
2 45685  53.0010  97.5804 0003911 153.5388 319.2386 15.64594409  3203
STARLINK-1404           
1 45686U 20035AF  20170.66667824  .03311623  00000-0  28620-1 0  9992
2 45686  53.0008  97.5694 0004031 154.4506 320.3325 15.64784429  3203
STARLINK-1406           
1 45687U 20035AG  20170.66667824  .05223812  00000-0  22885-1 0  9994
2 45687  52.9991  96.4917 0029530 101.2816 169.5631 15.79441449  3227
STARLINK-1408           
1 45688U 20035AH  20170.66667824  .06556235  00000-0  29032-1 0  9995
2 45688  52.9987  96.5149 0028980 102.0405 157.6302 15.78958069  3225
STARLINK-1413           
1 45689U 20035AJ  20170.50002315  .04431095  00000-0  38338-1 0  9990
2 45689  53.0009  98.3989 0001680 249.8018 359.5025 15.64871611  3185
STARLINK-1414           
1 45690U 20035AK  20170.50002315  .04246709  00000-0  36599-1 0  9995
2 45690  53.0007  98.3779 0001401 266.0939 353.7666 15.65127325  3180
STARLINK-1415           
1 45691U 20035AL  20170.50002315  .04031103  00000-0  23995-1 0  9992
2 45691  53.0011  97.8582 0019926 112.3403  35.7836 15.73667674  3587
STARLINK-1416           
1 45692U 20035AM  20170.50002315  .04242827  00000-0  36693-1 0  9999
2 45692  53.0008  98.3870 0001456 261.2198 356.4361 15.65042788  3180
STARLINK-1417           
1 45693U 20035AN  20170.50002315  .04410991  00000-0  38187-1 0  9999
2 45693  53.0009  98.3995 0001639 261.8341 348.7609 15.64873286  3182
STARLINK-1419           
1 45694U 20035AP  20170.50002315  .04513005  00000-0  39020-1 0  9997
2 45694  53.0009  98.4034 0001827 240.4959   7.7032 15.64819804  3183
STARLINK-1420           
1 45695U 20035AQ  20170.50002315  .04487268  00000-0  39084-1 0  9999
2 45695  53.0009  98.4163 0001773 256.1762 350.0791 15.64654137  3185
STARLINK-1422           
1 45696U 20035AR  20170.66667824  .03072018  00000-0  27063-1 0  9995
2 45696  53.0007  97.5903 0003966 148.9772 317.6264 15.64579798  3207
STARLINK-1351           
1 45697U 20035AS  20170.50002315  .04250303  00000-0  37725-1 0  9999
2 45697  53.0007  98.4402 0002419 230.7388   1.2368 15.64381805  3185
STARLINK-1370           
1 45698U 20035AT  20170.50002315  .04656014  00000-0  40566-1 0  9996
2 45698  53.0009  98.4296 0002062 237.7965 357.4379 15.64503553  3185
STARLINK-1398           
1 45699U 20035AU  20170.66667824  .03003368  00000-0  26791-1 0  9997
2 45699  53.0005  97.6107 0003668 139.8501 319.8177 15.64341458  3255
STARLINK-1400           
1 45700U 20035AV  20170.66667824  .02954697  00000-0  26231-1 0  9998
2 45700  53.0007  97.5974 0004100 144.4444 316.0328 15.64523271  3208
STARLINK-1403           
1 45701U 20035AW  20170.66667824  .02656951  00000-0  24203-1 0  9998
2 45701  53.0008  97.6261 0003945 134.1995 315.7381 15.64221606  3205
STARLINK-1405           
1 45702U 20035AX  20170.66667824  .00587520  11709-4  32984-3 0  9991
2 45702  52.9962  94.9446 0056984 107.6543 167.9560 16.14581104  3634
STARLINK-1407           
1 45703U 20035AY  20170.66667824  .02891941  00000-0  25900-1 0  9995
2 45703  53.0006  97.6102 0003985 141.1272 317.2464 15.64374040  3209
STARLINK-1409           
1 45704U 20035AZ  20170.66667824  .02747661  00000-0  24810-1 0  9994
2 45704  53.0007  97.6176 0003821 136.9917 316.4149 15.64337150  3201
STARLINK-1410           
1 45705U 20035BA  20170.66667824  .02944301  00000-0  26143-1 0  9996
2 45705  53.0010  97.5933 0003975 144.9979 316.7230 15.64531004  3201
STARLINK-1411           
1 45706U 20035BB  20170.66667824  .02436003  00000-0  22123-1 0  9996
2 45706  52.9996  97.6453 0003929 128.4382 313.0564 15.64048764  3201
STARLINK-1412           
1 45707U 20035BC  20170.50002315  .04386564  00000-0  39120-1 0  9991
2 45707  53.0010  98.4577 0002914 219.9865   2.5370 15.64145628  3181
STARLINK-1418           
1 45708U 20035BD  20170.50002315  .04458749  00000-0  39342-1 0  9993
2 45708  53.0004  98.4413 0002034 242.8300 350.4095 15.64350104  3182
STARLINK-1421           
1 45709U 20035BE  20170.66667824  .02956692  00000-0  26240-1 0  9994
2 45709  53.0007  97.5970 0004083 145.3211 317.6881 15.64529294  3207
STARLINK-1423           
1 45710U 20035BF  20170.50002315  .04385165  00000-0  38228-1 0  9999
2 45710  53.0011  98.4149 0001904 243.1400   1.6644 15.64720751  3183
STARLINK-1433           
1 45711U 20035BG  20170.50002315  .04630059  00000-0  40688-1 0  9998
2 45711  53.0004  98.4505 0002276 236.7326 351.5137 15.64307956  3182
STARLINK-1434           
1 45712U 20035BH  20170.39198237  .00022523  00000-0  11162-3 0  9999
2 45712  53.0002  98.1469 0042780 101.8293 258.7530 15.80597754  3175
STARLINK-1436           
1 45713U 20035BJ  20170.50002315  .04631176  00000-0  40688-1 0  9991
2 45713  53.0008  98.4493 0002088 251.6653 335.3052 15.64311776  3185
STARLINK-1437           
1 45714U 20035BK  20170.50002315  .04540565  00000-0  40060-1 0  9997
2 45714  53.0006  98.4540 0002253 239.0542 345.4692 15.64283597  3189
STARLINK-1438           
1 45715U 20035BL  20170.50002315  .04673133  00000-0  41062-1 0  9999
2 45715  53.0002  98.4517 0002441 232.2260 353.5660 15.64274871  3181
STARLINK-1439           
1 45716U 20035BM  20170.50002315  .04254398  21473-1  14880-1 0  9994
2 45716  52.9994  96.9598 0056839 104.0538 113.5299 15.89538322  3606
FALCON 9 DEB            
1 45717U 20035BN  20170.62988082  .00359777  11417-4  34435-3 0  9995
2 45717  53.0024  96.0328 0093613 105.4449 255.6944 16.02357547  2341
FALCON 9 DEB            
1 45718U 20035BP  20170.62497384  .00334752  11426-4  32151-3 0  9995
2 45718  53.0011  95.9968 0090476 106.5914 254.5076 16.02825365  2341
FALCON 9 DEB            
1 45719U 20035BQ  20170.61495749  .00339728  11457-4  31087-3 0  9997
2 45719  53.0007  95.9232 0086903 103.5531 257.5198 16.04034433  2341
FALCON 9 DEB            
1 45720U 20035BR  20170.61507043  .00358524  11456-4  32916-3 0  9996
2 45720  53.0009  95.9238 0086552 104.0842 256.9827 16.04037888  2341
STARLINK A              
1 45730U 20038A   20170.66667824  .01824713  17921-2  34424-2 0  9994
2 45730  53.0004 272.2774 0098525  69.8300  15.6796 15.91998325  2120
STARLINK B              
1 45731U 20038B   20170.66667824  .01837236  18205-2  34963-2 0  9993
2 45731  53.0005 272.2793 0098227  69.9755  14.4944 15.91912279  1975
STARLINK C              
1 45732U 20038C   20170.66667824  .01759445  16364-2  32948-2 0  9994
2 45732  53.0003 272.2814 0098983  69.8803  14.6729 15.92012762  2120
STARLINK D              
1 45733U 20038D   20170.66667824  .01039027  48225-3  18582-2 0  9992
2 45733  53.0008 272.2779 0101656  69.9861  14.6775 15.92092075  2129
STARLINK E              
1 45734U 20038E   20170.66667824  .01617073  13320-2  30091-2 0  9992
2 45734  53.0004 272.2772 0098694  69.7403  16.0286 15.92094227  2120
STARLINK F              
1 45735U 20038F   20170.66667824  .01843331  18476-2  33737-2 0  9998
2 45735  53.0000 272.2772 0099917  69.7889  16.9492 15.92271419  2122
STARLINK G              
1 45736U 20038G   20170.66667824  .01804383  17412-2  33944-2 0  9992
2 45736  53.0001 272.2814 0098984  69.8231  14.8749 15.91962306  2129
STARLINK H              
1 45737U 20038H   20170.66667824  .01911142  20183-2  35900-2 0  9998
2 45737  53.0006 272.2774 0098791  69.8709  15.6454 15.92071848  2121
STARLINK J              
1 45738U 20038J   20170.66667824  .01477413  10707-2  27637-2 0  9996
2 45738  53.0008 272.2798 0098690  69.8718  14.2728 15.91959105  2127
STARLINK K              
1 45739U 20038K   20170.66667824  .01779537  16884-2  33049-2 0  9995
2 45739  53.0007 272.2581 0098788  69.8500  16.7712 15.92183804  1972
STARLINK L              
1 45740U 20038L   20170.66667824  .01805796  17556-2  33158-2 0  9992
2 45740  52.9998 272.2761 0099181  69.7963  17.6017 15.92315224  2120
STARLINK M              
1 45741U 20038M   20170.66667824  .01624176  13454-2  30314-2 0  9998
2 45741  53.0007 272.2771 0098637  69.8668  15.6329 15.92058497  2123
STARLINK N              
1 45742U 20038N   20170.66667824  .01853452  18682-2  34603-2 0  9993
2 45742  53.0004 272.2767 0098935  69.9508  15.9416 15.92115603  2124
STARLINK P              
1 45743U 20038P   20170.66667824  .01774582  16677-2  33763-2 0  9998
2 45743  53.0002 272.2824 0098281  69.8496  14.3383 15.91876137  1979
STARLINK Q              
1 45744U 20038Q   20170.66667824  .01868577  19093-2  34543-2 0  9999
2 45744  53.0005 272.2755 0099579  69.8824  16.4284 15.92179727  1933
STARLINK R              
1 45745U 20038R   20170.66667824  .01750522  16229-2  32016-2 0  9991
2 45745  53.0003 272.2753 0099728  69.8749  16.6462 15.92265645  1937
STARLINK S              
1 45746U 20038S   20170.66667824  .01855831  18742-2  34636-2 0  9993
2 45746  53.0003 272.2765 0098998  69.7649  16.3114 15.92112330  1930
STARLINK T              
1 45747U 20038T   20170.66667824  .01659919  14215-2  30485-2 0  9992
2 45747  53.0001 272.2786 0099630  69.8465  16.0950 15.92174837  1938
STARLINK U              
1 45748U 20038U   20170.66667824  .01711964  15356-2  31341-2 0  9991
2 45748  53.0001 272.2772 0099557  69.7298  16.9532 15.92259150  1932
STARLINK V              
1 45749U 20038V   20170.66667824  .01614536  13334-2  29078-2 0  9997
2 45749  52.9999 272.2759 0100130  69.8439  17.4858 15.92384461  1931
STARLINK W              
1 45750U 20038W   20170.66667824  .00093881  11274-4  11741-3 0  9994
2 45750  52.9997 272.2368 0111349  69.2830  28.5971 15.96142137  2127
STARLINK X              
1 45751U 20038X   20170.66667824  .00091590  11273-4  11479-3 0  9997
2 45751  52.9997 272.2375 0111501  69.3160  28.2240 15.96099197  2126
STARLINK Y              
1 45752U 20038Y   20170.66667824  .00093974  11274-4  11757-3 0  9996
2 45752  52.9998 272.2369 0111343  69.3382  28.4403 15.96137563  2124
STARLINK Z              
1 45753U 20038Z   20170.66667824  .00093125  11274-4  11659-3 0  9996
2 45753  52.9998 272.2370 0111305  69.3294  28.4397 15.96138952  2122
STARLINK AA             
1 45754U 20038AA  20170.66667824  .00094826  11274-4  11858-3 0  9997
2 45754  52.9998 272.2370 0111324  69.3474  28.4132 15.96142824  1976
STARLINK AB             
1 45755U 20038AB  20170.66667824  .00094069  11276-4  11714-3 0  9990
2 45755  52.9994 272.2340 0111199  69.1670  30.3448 15.96226374  2129
STARLINK AC             
1 45756U 20038AC  20170.66667824  .00093496  11273-4  11727-3 0  9995
2 45756  52.9999 272.2384 0111439  69.4006  27.5569 15.96088512  2128
STARLINK AD             
1 45757U 20038AD  20170.66667824  .00093142  11275-4  11619-3 0  9996
2 45757  52.9996 272.2351 0111258  69.2261  29.5829 15.96196912  2125
STARLINK AE             
1 45758U 20038AE  20170.66667824  .00096112  11277-4  11946-3 0  9992
2 45758  52.9994 272.2338 0111136  69.1799  30.3672 15.96252323  2124
STARLINK AF             
1 45759U 20038AF  20170.66667824  .00092591  11272-4  11611-3 0  9994
2 45759  52.9998 272.2382 0111524  69.3529  27.6449 15.96081867  1934
STARLINK AG             
1 45760U 20038AG  20170.66667824  .00095247  11274-4  11912-3 0  9993
2 45760  52.9998 272.2376 0111362  69.3633  28.0215 15.96132562  1930
STARLINK AH             
1 45761U 20038AH  20170.66667824  .00094353  11275-4  11770-3 0  9994
2 45761  52.9996 272.2352 0111252  69.2253  29.5167 15.96191529  1938
STARLINK AJ             
1 45762U 20038AJ  20170.66667824  .00092375  11273-4  11564-3 0  9996
2 45762  52.9997 272.2368 0111444  69.2728  28.6095 15.96120639  1931
STARLINK AK             
1 45763U 20038AK  20170.66667824  .00089578  11273-4  11230-3 0  9998
2 45763  52.9997 272.2370 0111534  69.2505  28.5554 15.96101399  1939
STARLINK AL             
1 45764U 20038AL  20170.66667824  .00092593  11274-4  11583-3 0  9992
2 45764  52.9997 272.2364 0111383  69.2943  28.8677 15.96139688  1932
STARLINK AM             
1 45765U 20038AM  20170.66667824  .00094154  11274-4  11759-3 0  9993
2 45765  52.9996 272.2360 0111311  69.2556  29.0660 15.96166254  1933
STARLINK AN             
1 45766U 20038AN  20170.66667824  .00095048  11276-4  11837-3 0  9996
2 45766  52.9996 272.2344 0111186  69.1948  30.0059 15.96222097  1932
STARLINK AP             
1 45767U 20038AP  20170.66667824  .00095551  11276-4  11877-3 0  9990
2 45767  52.9994 272.2339 0111174  69.1505  30.3610 15.96247846  1936
STARLINK AQ             
1 45768U 20038AQ  20170.66667824  .00094346  11274-4  11803-3 0  9999
2 45768  52.9998 272.2373 0111401  69.3482  28.1577 15.96126325  1933
STARLINK AR             
1 45769U 20038AR  20170.66667824  .01717983  15440-2  32242-2 0  9996
2 45769  52.9998 272.2780 0098243  69.6705  16.7390 15.92072572  2123
STARLINK AS             
1 45770U 20038AS  20170.66667824  .00093269  11273-4  11695-3 0  9993
2 45770  53.0000 272.2381 0111401  69.4185  27.5717 15.96100513  2124
STARLINK AT             
1 45771U 20038AT  20170.66667824  .00094803  11273-4  11864-3 0  9997
2 45771  53.0000 272.2375 0111368  69.3827  27.9703 15.96125124  2126
STARLINK AU             
1 45772U 20038AU  20170.66667824  .00094006  11274-4  11762-3 0  9991
2 45772  52.9999 272.2371 0111384  69.3414  28.2403 15.96129303  2122
STARLINK AV             
1 45773U 20038AV  20170.66667824  .00093565  11274-4  11709-3 0  9992
2 45773  52.9999 272.2367 0111355  69.3213  28.5322 15.96134071  1976
STARLINK AW             
1 45774U 20038AW  20170.66667824  .00094252  11276-4  11747-3 0  9991
2 45774  52.9997 272.2344 0111222  69.1943  29.9168 15.96209419  2121
STARLINK AX             
1 45775U 20038AX  20170.66667824  .00090059  11274-4  11273-3 0  9995
2 45775  52.9997 272.2357 0111432  69.2194  29.1773 15.96137130  1974
STARLINK AY             
1 45776U 20038AY  20170.66667824  .00093432  11274-4  11676-3 0  9991
2 45776  52.9998 272.2357 0111291  69.2705  29.1814 15.96165044  2126
STARLINK AZ             
1 45777U 20038AZ  20170.66667824  .00091026  11273-4  11397-3 0  9998
2 45777  52.9998 272.2364 0111499  69.2645  28.7624 15.96116505  2131
STARLINK BA             
1 45778U 20038BA  20170.66667824  .00093666  11272-4  11749-3 0  9991
2 45778  53.0001 272.2386 0111491  69.4260  27.2815 15.96077939  2122
STARLINK BB             
1 45779U 20038BB  20170.66667824  .00093864  11273-4  11771-3 0  9998
2 45779  53.0001 272.2382 0111404  69.4144  27.6067 15.96095068  2120
STARLINK BC             
1 45780U 20038BC  20170.66667824  .00089585  11274-4  11210-3 0  9994
2 45780  52.9997 272.2353 0111417  69.2388  29.5031 15.96147064  1938
STARLINK BD             
1 45781U 20038BD  20170.66667824  .00125286  11292-4  15099-3 0  9993
2 45781  52.9997 272.2222 0109170  69.1458  35.6678 15.96897843  1936
STARLINK BE             
1 45782U 20038BE  20170.66667824  .00094735  11275-4  11820-3 0  9997
2 45782  52.9998 272.2354 0111273  69.2669  29.2300 15.96183151  1937
STARLINK BF             
1 45783U 20038BF  20170.66667824  .00093549  11274-4  11698-3 0  9992
2 45783  52.9999 272.2363 0111314  69.2908  28.8530 15.96151728  1936
STARLINK BG             
1 45784U 20038BG  20170.66667824  .00094480  11275-4  11782-3 0  9993
2 45784  52.9997 272.2347 0111222  69.2086  29.7004 15.96200516  1938
STARLINK BH             
1 45785U 20038BH  20170.66667824  .00094125  11273-4  11780-3 0  9996
2 45785  53.0000 272.2373 0111384  69.3777  28.0962 15.96124991  1939
STARLINK BJ             
1 45786U 20038BJ  20170.66667824  .00091210  11273-4  11444-3 0  9996
2 45786  52.9998 272.2372 0111482  69.3144  28.2256 15.96089361  1939
STARLINK BK             
1 45787U 20038BK  20170.66667824  .00091706  11272-4  11504-3 0  9993
2 45787  52.9999 272.2376 0111518  69.3429  27.9654 15.96083049  1936
SKYSAT A                
1 45788U 20038BL  20168.58283527  .00130784  11256-4  16671-3 0  9998
2 45788  52.9996 282.9465 0112716  62.2384 299.0018 15.95499696   689
SKYSAT B                
1 45789U 20038BM  20169.83551463  .00092274  11259-4  11876-3 0  9991
2 45789  52.9999 276.5061 0112378  66.5478 294.7315 15.95576650   878
SKYSAT C                
1 45790U 20038BN  20169.45994068  .00088286  11246-4  11976-3 0  9998
2 45790  53.0000 278.4399 0110630  64.8858 296.3599 15.95160472   819
OBJECT BP               
1 45791U 20038BP  20170.02490668  .00245339  11268-4  30578-3 0  9998
2 45791  52.9956 275.5561 0111938  68.3705 292.9201 15.95772266   901
OBJECT BQ               
1 45792U 20038BQ  20170.46220580  .00227610  11280-4  28566-3 0  9991
2 45792  52.9961 273.2929 0108116  69.4498 291.8091 15.96339704   975
OBJECT BR               
1 45793U 20038BR  20170.45910240  .00231681  11307-4  26502-3 0  9991
2 45793  52.9978 273.2688 0109540  67.0445 294.2097 15.97373348   970
OBJECT BS               
1 45798U 20038BS  20170.45831604  .00249340  11313-4  28843-3 0  9990
2 45798  52.9985 273.2632 0106785  67.4769 293.7520 15.97674227   978
OBJECT BT               
1 45799U 20038BT  20170.44764275  .01276228  11530-4  10240-2 0  9997
2 45799  53.0011 273.1787 0087026  61.4647 299.5111 16.05633081   979
