ISS (ZARYA)             
1 25544U 98067A   20171.20984954  .00000091  00000-0  97068-5 0  9997
2 25544  51.6447 338.4512 0002763  60.8527 281.6538 15.49447360232329
KESTREL EYE IIM (KE2M)  
1 42982U 98067NE  20170.77732784  .00009837  00000-0  84382-4 0  9996
2 42982  51.6350 274.5900 0003162  91.1555 268.9805 15.70130755151281
DELLINGR (RBLE)         
1 43021U 98067NJ  20170.83239438  .00009665  00000-0  80709-4 0  9994
2 43021  51.6358 272.7791 0001596  51.7388 308.3753 15.70811098147087
1KUNS-PF                
1 43466U 98067NP  20162.72983235  .07919004  12439-4  62785-3 0  9997
2 43466  51.6123 283.7308 0007318 301.8476 166.2040 16.39179723119460
UBAKUSAT                
1 43467U 98067NQ  20170.87388155  .00020954  00000-0  13804-3 0  9998
2 43467  51.6350 274.4195 0001485   7.4170 352.6852 15.75613534120335
CUBERRT                 
1 43546U 98067NU  20170.71446116  .00024337  00000-0  17302-3 0  9997
2 43546  51.6345 274.8939 0002878  79.6355 280.4968 15.73735918110446
TEMPEST-D               
1 43547U 98067NV  20171.07386435  .00003344  00000-0  42585-4 0  9992
2 43547  51.6365 303.6950 0004929  65.6734 294.4775 15.62592349109770
RAINCUBE                
1 43548U 98067NW  20170.91483723  .00021794  00000-0  15099-3 0  9991
2 43548  51.6322 282.1960 0002866  80.1934 279.9389 15.74415643110492
HALOSAT                 
1 43549U 98067NX  20170.66373237  .00024249  00000-0  17334-3 0  9994
2 43549  51.6354 284.3519 0002581  85.5505 274.5789 15.73610213110000
ENDUROSAT ONE           
1 43551U 98067NZ  20170.69149682  .00042632  00000-0  20912-3 0  9997
2 43551  51.6337 272.3972 0001906  49.6209 310.4960 15.81783074110574
EQUISAT                 
1 43552U 98067PA  20170.68860185  .00022921  00000-0  15809-3 0  9993
2 43552  51.6346 282.3016 0003078  89.7111 270.4241 15.74483261110400
RADSAT-G                
1 43553U 98067PB  20170.62066274  .00013855  00000-0  11948-3 0  9991
2 43553  51.6407 291.0367 0004416  87.7533 272.3969 15.69577412110334
1998-067PC              
1 43554U 98067PC  20170.52651138  .00054140  00000-0  23547-3 0  9990
2 43554  51.6300 270.4851 0001747  33.2399 326.8714 15.84243938110126
AEROCUBE 12A            
1 43556U 18046C   20170.28590499  .00001357  00000-0  58641-4 0  9992
2 43556  51.6423 101.5581 0007799 301.7542  58.2678 15.29812003107501
AEROCUBE 12B            
1 43557U 18046D   20170.28154672  .00001161  00000-0  52393-4 0  9993
2 43557  51.6426 102.2671 0007859 301.2588  58.7622 15.29528243107442
LEMUR-2-VU              
1 43558U 18046E   20171.09715291  .00001014  00000-0  45313-4 0  9995
2 43558  51.6425  94.3140 0007161 309.8085  50.2265 15.31072156107660
LEMUR-2-ALEXANDER       
1 43559U 18046F   20171.06108226  .00001980  00000-0  76652-4 0  9999
2 43559  51.6424  94.0863 0007142 309.6313  50.4037 15.31217485107441
LEMUR-2-YUASA           
1 43560U 18046G   20170.85534454  .00001717  00000-0  68520-4 0  9996
2 43560  51.6426  95.6931 0007526 322.3111  37.7342 15.31003118107625
LEMUR-2-TOMHENDERSON    
1 43561U 18046H   20171.06532272  .00001618  00000-0  65641-4 0  9998
2 43561  51.6427  94.8431 0007689 322.3131  37.7310 15.30804814107216
SIRIUSSAT-1             
1 43595U 98067PG  20170.92167218  .00024629  00000-0  16658-3 0  9994
2 43595  51.6306 283.7024 0001558  32.6770 327.4326 15.74891955105253
SIRIUSSAT-2             
1 43596U 98067PH  20170.92011721  .00024857  00000-0  16891-3 0  9994
2 43596  51.6318 284.5185 0001893  36.3543 323.7585 15.74777372105246
TANUSHA-3               
1 43597U 98067PJ  20170.86951175  .00066421  00000-0  25912-3 0  9991
2 43597  51.6281 271.1455 0003386 345.6389  14.4518 15.86418205105410
1998-067PK              
1 43598U 98067PK  20170.85892416  .00078853  00000-0  27743-3 0  9999
2 43598  51.6276 269.5909 0004069 344.5565  15.5315 15.88447761105433
1998-067PN              
1 43638U 98067PN  20170.67299874  .00008370  00000-0  91867-4 0  9999
2 43638  51.6365 305.4975 0002033  46.8089 313.3075 15.64173891 96864
1998-067PP              
1 43639U 98067PP  20170.63739593  .00014829  00000-0  13058-3 0  9994
2 43639  51.6362 297.0078 0003337  43.3172 316.8087 15.68998548 96987
STARS-ME                
1 43640U 98067PQ  20171.08481090  .00009668  00000-0  98585-4 0  9996
2 43640  51.6354 299.9577 0003958  39.9321 320.1965 15.65842250 96989
ISS DEB (SEDA-AP)       
1 43870U 98067PU  20170.70636061  .00002651  00000-0  41496-4 0  9993
2 43870  51.6389 320.0310 0004437  57.9566 302.1856 15.57863122 84851
CATSAT-2                
1 44029U 98067PV  20170.65477702  .00014924  00000-0  15219-3 0  9998
2 44029  51.6388 309.9569 0003721  93.2295 266.9126 15.65329198 78710
DELPHINI                
1 44030U 98067PW  20170.67136517  .00015354  00000-0  15041-3 0  9999
2 44030  51.6347 308.4530 0003269  89.7914 270.3457 15.66317636 78704
UNITE                   
1 44031U 98067PX  20171.10053467  .00006968  00000-0  86202-4 0  9990
2 44031  51.6381 313.6461 0003112  85.0548 275.0801 15.61363809 78672
CATSAT-1                
1 44033U 98067PZ  20171.10154448  .00013831  00000-0  14135-3 0  9995
2 44033  51.6390 307.6972 0003648  92.1442 267.9971 15.65349600 78697
ISS DEB                 
1 44303U 98067QA  20170.75584072  .00002720  00000-0  47980-4 0  9995
2 44303  51.6421 332.4339 0005038 338.4053  21.6724 15.54341287 59965
ISS DEB                 
1 44304U 98067QB  20171.02330725  .00013814  00000-0  16308-3 0  9996
2 44304  51.6394 322.2163 0004091 315.9815  44.0853 15.61635365 60135
ISS DEB                 
1 44305U 98067QC  20171.10783195  .00018850  00000-0  19849-3 0  9997
2 44305  51.6357 318.1476 0002683  19.9929 340.1171 15.64314310 60194
ISS DEB                 
1 44306U 98067QD  20170.71244267  .00002920  00000-0  50880-4 0  9998
2 44306  51.6410 332.8421 0006260 332.8875  27.1788 15.54391679 59961
RAAVANA-1               
1 44329U 98067QE  20170.73245220  .00007652  00000-0  10686-3 0  9991
2 44329  51.6400 327.7421 0005536  11.7070 348.4050 15.57937158 57200
UGUISU                  
1 44330U 98067QF  20171.12988486  .00007004  00000-0  98676-4 0  9992
2 44330  51.6388 325.8908 0005605  11.7015 348.4106 15.57857533 57246
NEPALISAT-1             
1 44331U 98067QG  20170.72485993  .00007618  00000-0  10634-3 0  9991
2 44331  51.6386 327.6881 0005619  13.7162 346.3982 15.57959299 57190
SPOOQY-1                
1 44332U 98067QH  20170.72837663  .00007673  00000-0  10742-3 0  9998
2 44332  51.6391 327.7092 0004615  17.6204 342.4948 15.57867151 57157
PINOT                   
1 44364U 98067QJ  20170.88094100  .00002994  00000-0  52403-4 0  9993
2 44364  51.6420 332.5018 0006579 335.0766  24.9907 15.54162975 55567
IOD-1 GEMS              
1 44385U 98067QK  20170.71394133  .00012072  00000-0  15123-3 0  9992
2 44385  51.6404 326.1648 0001978 331.7899  28.2987 15.60220623 54687
SWIATOWID               
1 44426U 98067QL  20171.00215484  .00013984  00000-0  16827-3 0  9997
2 44426  51.6411 324.1064 0002089 324.0142 136.6297 15.61125008 54759
KRAKSAT                 
1 44427U 98067QM  20171.02105501  .00005074  00000-0  78449-4 0  9998
2 44427  51.6430 329.4921 0002646 325.5445 136.2625 15.55991751 54729
VCC A                   
1 44428U 98067QN  20170.91811922  .00007205  00000-0  10339-3 0  9998
2 44428  51.6411 328.2756 0002169 350.3828   9.7122 15.57305239 54732
ENTRYSAT                
1 44429U 98067QP  20170.69438031  .00009038  00000-0  12339-3 0  9998
2 44429  51.6392 328.2544 0001881 336.9411  23.1496 15.58291751 54710
VCC C                   
1 44430U 98067QQ  20170.73047334  .00010272  00000-0  13340-3 0  9992
2 44430  51.6392 327.0052 0001747 354.0512   6.0460 15.59456856 53559
VCC B                   
1 44431U 98067QR  20170.72528476  .00007531  00000-0  10761-3 0  9991
2 44431  51.6402 329.2234 0002289 347.7351  12.3584 15.57342591 54646
ISS DEB                 
1 44788U 98067QT  20170.86530143  .00011320  00000-0  16819-3 0  9996
2 44788  51.6404 334.6350 0004468   5.3297 354.7741 15.55689827 33615
ISS DEB                 
1 44789U 98067QU  20170.70633841  .00010721  00000-0  16145-3 0  9995
2 44789  51.6408 335.8462 0005463   6.7434 353.3629 15.55381180 33577
RWASAT-1                
1 44790U 98067QV  20170.96781339 -.00000477  00000-0  00000+0 0  9998
2 44790  51.6408 335.8842 0008146  28.1620  61.6005 15.52818788 32861
AQT-D                   
1 44791U 98067QW  20170.92267577  .00003591  00000-0  64547-4 0  9998
2 44791  51.6437 336.5269 0007134 354.0919   5.9986 15.52729244 32859
NARSSCUBE-1             
1 44792U 98067QX  20170.85534745  .00005736  00000-0  95514-4 0  9996
2 44792  51.6413 336.0696 0005207  23.2014 336.9211 15.53623288 32853
PROGRESS-MS 13          
1 44833U 19085A   20170.52487557  .00000298  00000-0  13389-4 0  9995
2 44833  51.6456 341.8449 0002667  65.5400  53.6589 15.49448018 30233
STPSAT-4                
1 45043U 98067QY  20170.92131706  .00002134  00000-0  45434-4 0  9999
2 45043  51.6429 339.4999 0005763  19.3168 340.8039 15.49971886 22054
HARP                    
1 45256U 98067QZ  20170.85669551  .00003801  00000-0  71814-4 0  9994
2 45256  51.6429 339.0762 0007304   8.9318 351.1800 15.51094589 18727
1998-067RA              
1 45257U 98067RA  20170.92035737  .00003244  00000-0  62542-4 0  9995
2 45257  51.6424 338.7483 0008028  11.5154 348.6018 15.51044049 18730
PHOENIX                 
1 45258U 98067RB  20170.73461862  .00002939  00000-0  57724-4 0  9993
2 45258  51.6426 339.7527 0005917 352.5799   7.5102 15.50878072 18678
1998-067RC              
1 45259U 98067RC  20170.65207069  .00004779  00000-0  87349-4 0  9992
2 45259  51.6422 339.9561 0007179   8.6272 351.4840 15.51395260 18698
CRYOCUBE                
1 45260U 98067RD  20170.76981842  .00004884  00000-0  88687-4 0  9997
2 45260  51.6424 339.2433 0007944   7.7232 352.3879 15.51525064 18722
AZTECHSAT-1             
1 45261U 98067RE  20170.75804849  .00005984  00000-0  10574-3 0  9999
2 45261  51.6421 339.1648 0007639   8.3189 351.7926 15.51839905 18713
RADSAT-U                
1 45262U 98067RF  20170.72345784  .00003718  00000-0  70394-4 0  9995
2 45262  51.6428 339.6865 0007249  44.6546 315.5027 15.51107370 18718
QARMAN                  
1 45263U 98067RG  20170.72962069  .00004968  00000-0  91129-4 0  9994
2 45263  51.6423 339.7232 0007156   5.7199 354.3871 15.51192069 18731
SORTIE                  
1 45264U 98067RH  20170.75420774  .00002383  00000-0  48865-4 0  9998
2 45264  51.6432 339.8894 0007733  15.8752 344.2478 15.50533257 18700
ICS-EF (ISS DEB)        
1 45265U 98067RJ  20170.93156739  .00001268  00000-0  30465-4 0  9994
2 45265  51.6444 339.5661 0005632  19.7127 340.4078 15.49759095 18407
SOYUZ-MS 16             
1 45476U 20023A   20170.52487557  .00000298  00000-0  13389-4 0  9993
2 45476  51.6456 341.8449 0002667  65.5400  53.6589 15.49448018 10864
PROGRESS-MS 14          
1 45595U 20026A   20170.52487557  .00000298  00000-0  13389-4 0  9998
2 45595  51.6456 341.8449 0002667  65.5400  53.6589 15.49448018  8447
G-SAT                   
1 45597U 98067RK  20170.85848341  .00003766  00000-0  72440-4 0  9994
2 45597  51.6430 339.8314 0005620  69.7160 290.4433 15.50602431  8082
QUETZAL-1               
1 45598U 98067RL  20170.73950940  .00004791  00000-0  90816-4 0  9997
2 45598  51.6430 340.5362 0003510  94.2166 265.9224 15.50339586  7992
HTV-9 (KOUNOTORI 9)     
1 45607U 20030A   20170.52487557  .00000298  00000-0  13389-4 0  9997
2 45607  51.6456 341.8449 0002667  65.5400  53.6589 15.49448018  4470
CREW DRAGON DEMO-2      
1 45623U 20033A   20170.52487557  .00000298  00000-0  13389-4 0  9998
2 45623  51.6456 341.8449 0002667  65.5400  53.6589 15.49448018  2904
